     5332	2019-05-13 18:34:00	123	255	1	0
     5332	2019-05-13 18:44:12	123	255	1	0
     5332	2019-05-13 18:48:24	123	255	1	0
     5332	2019-05-13 18:48:30	123	255	1	0
     9999	2019-05-13 18:52:33	123	255	1	0
     9999	2019-05-13 18:53:51	123	255	1	0
     4509	2019-05-14 14:28:42	123	255	1	0
     5351	2019-05-14 14:29:35	123	255	1	0
     4509	2019-05-14 15:01:45	123	255	1	0
     2685	2019-05-14 15:17:45	123	255	1	0
     1062	2019-05-14 15:32:17	123	255	1	0
      106	2019-05-14 15:38:57	123	255	1	0
     6675	2019-05-14 15:44:11	123	255	1	0
     4509	2019-05-14 15:47:48	123	255	1	0
      525	2019-05-14 15:58:18	123	255	1	0
     6042	2019-05-14 15:59:49	123	255	1	0
      102	2019-05-14 15:59:59	123	255	1	0
     1842	2019-05-14 16:00:06	123	255	1	0
     2196	2019-05-14 16:09:08	123	255	1	0
      974	2019-05-14 16:30:28	123	255	1	0
     1250	2019-05-14 16:31:47	123	255	1	0
     1419	2019-05-14 16:32:32	123	255	1	0
     1330	2019-05-14 16:36:19	123	255	1	0
     4235	2019-05-14 16:36:28	123	255	1	0
     1250	2019-05-14 16:36:33	123	255	1	0
      974	2019-05-14 16:37:07	123	255	1	0
     4235	2019-05-14 16:37:17	123	255	1	0
     1277	2019-05-14 16:37:28	123	255	1	0
     1419	2019-05-14 16:50:52	123	255	1	0
     4272	2019-05-14 17:08:14	123	255	1	0
      541	2019-05-14 17:14:37	123	255	1	0
     4613	2019-05-14 17:19:50	123	255	1	0
     2196	2019-05-14 17:47:23	123	255	1	0
     4509	2019-05-14 17:47:32	123	255	1	0
     4509	2019-05-14 17:48:12	123	255	1	0
     2225	2019-05-14 18:45:51	123	255	1	0
     2225	2019-05-14 18:45:53	123	255	1	0
     1412	2019-05-14 19:38:42	123	255	1	0
     1412	2019-05-14 19:39:11	123	255	1	0
     8397	2019-05-14 19:39:46	123	255	1	0
     8401	2019-05-14 19:40:21	123	255	1	0
     1088	2019-05-14 20:45:45	123	255	1	0
     9870	2019-05-14 20:46:02	123	255	1	0
     1088	2019-05-14 20:46:20	123	255	1	0
     9038	2019-05-14 20:46:41	123	255	1	0
     6668	2019-05-15 09:04:31	123	255	1	0
     4509	2019-05-15 09:44:32	123	255	1	0
     4509	2019-05-15 09:44:37	123	255	1	0
     4509	2019-05-15 09:44:42	123	255	1	0
     4509	2019-05-15 09:44:46	123	255	1	0
     8532	2019-05-15 11:42:50	123	255	1	0
     6668	2019-05-15 12:03:00	123	255	1	0
     4509	2019-05-15 13:12:14	123	255	1	0
     4509	2019-05-15 13:12:18	123	255	1	0
     4509	2019-05-15 13:12:19	123	255	1	0
     4509	2019-05-15 13:17:48	123	255	1	0
     4509	2019-05-15 13:17:57	123	255	1	0
     2671	2019-05-15 13:38:54	123	255	1	0
     4304	2019-05-15 13:40:48	123	255	1	0
     4509	2019-05-15 13:53:43	123	255	1	0
     1478	2019-05-15 14:04:37	123	255	1	0
     6051	2019-05-16 13:13:10	123	255	1	0
     4509	2019-05-16 13:13:20	123	255	1	0
     6668	2019-05-16 13:26:45	123	255	1	0
     4509	2019-05-16 14:03:25	123	255	1	0
     4509	2019-05-16 14:03:29	123	255	1	0
     4509	2019-05-18 12:25:11	123	255	1	0
     4509	2019-05-18 12:25:17	123	255	1	0
     4509	2019-05-18 12:25:23	123	255	1	0
     4509	2019-05-18 12:25:28	123	255	1	0
     4632	2019-05-21 18:28:25	123	255	1	0
     4632	2019-05-21 18:28:44	123	255	1	0
     4634	2019-05-21 18:31:06	123	255	1	0
  2000850	2019-05-25 12:45:58	123	255	1	0
  2000967	2019-05-25 12:51:34	123	255	1	0
  2000682	2019-05-25 13:15:10	123	255	1	0
     5351	2019-06-30 20:32:59	123	255	1	0
     5351	2019-06-30 20:33:16	123	255	1	0
     5351	2019-06-30 20:34:43	123	255	1	0
     5351	2019-06-30 20:34:57	123	255	1	0
     5351	2019-06-30 20:34:58	123	255	1	0
     5351	2019-06-30 20:35:00	123	255	1	0
     5351	2019-06-30 20:35:15	123	255	1	0
     5351	2019-06-30 20:35:17	123	255	1	0
     5351	2019-06-30 20:40:53	123	255	1	0
     5332	2019-08-18 10:49:11	123	255	1	0
     5332	2019-08-18 10:51:40	123	255	1	0
     5351	2019-08-18 16:04:35	123	255	1	0
     5351	2019-08-18 16:04:40	123	255	1	0
     5351	2019-08-18 16:05:16	123	0	1	0
     5351	2019-08-18 16:05:39	123	1	1	0
     5351	2019-08-19 08:08:43	123	0	1	0
      101	2019-08-22 09:55:58	123	0	1	0
     5332	2019-08-22 09:57:15	123	0	1	0
      101	2019-08-22 09:57:20	123	0	1	0
      101	2019-08-22 09:57:45	123	0	1	0
        1	2019-08-22 10:01:34	123	0	1	0
       10	2019-08-22 10:04:08	123	0	1	0
       10	2019-08-22 10:05:05	123	1	1	0
        9	2019-08-22 10:06:11	123	1	4	0
     9966	2019-08-22 10:23:22	123	1	1	0
     9966	2019-08-22 10:23:40	123	1	1	0
     9966	2019-08-22 10:23:53	123	1	1	0
     9966	2019-08-22 10:24:09	123	1	1	0
     9966	2019-08-22 10:24:27	123	1	1	0
     5332	2019-08-22 10:25:05	123	1	1	0
     9966	2019-08-22 10:28:39	123	1	1	0
     9966	2019-08-22 10:28:44	123	1	1	0
     9966	2019-08-22 10:28:50	123	1	1	0
        1	2019-09-02 13:17:55	123	0	1	0
     5332	2019-09-02 13:24:50	123	0	1	0
     5332	2019-09-02 13:29:24	123	0	1	0
     5332	2019-09-02 13:43:45	123	0	1	0
     5332	2019-09-02 15:08:03	123	5	1	0
     5332	2019-09-02 15:29:20	123	4	1	0
     5332	2019-09-02 15:39:35	123	0	1	0
     5332	2019-09-03 08:42:23	123	1	1	0
      101	2019-09-05 12:39:45	123	0	1	0
     5351	2019-09-08 11:45:43	123	0	1	0
        1	2019-09-08 12:42:23	123	0	1	0
     9900	2019-09-08 12:44:08	123	0	1	0
     9900	2019-09-08 12:44:24	123	1	1	0
     9900	2019-09-08 12:44:42	123	5	1	0
     9900	2019-09-08 12:44:46	123	4	1	0
     9900	2019-09-08 12:44:51	123	0	1	0
     9900	2019-09-08 12:44:55	123	1	1	0
     5351	2019-09-23 08:07:22	123	0	1	0
     5351	2019-09-23 08:12:05	123	0	1	0
     5351	2019-09-23 08:16:16	123	0	1	0
     5332	2019-09-23 08:32:53	123	0	1	0
     5351	2019-09-23 09:43:13	123	0	1	0
     5332	2019-09-23 10:10:10	123	0	1	0
     5332	2019-09-23 10:10:16	123	0	1	0
     5332	2019-09-23 10:12:51	123	0	1	0
     5332	2019-09-23 10:20:33	123	0	1	0
     5332	2019-09-23 10:20:40	123	1	1	0
     5351	2019-09-23 16:00:01	123	1	1	0
        3	2019-09-24 11:16:50	123	0	1	0
     5351	2019-09-25 14:42:50	123	0	1	0
     5332	2019-09-30 16:02:06	123	0	1	0
     5332	2019-09-30 16:02:16	123	0	1	0
     5388	2020-01-21 15:11:32	123	0	1	0
     5388	2020-01-21 15:12:31	123	0	1	0
     4470	2020-01-22 14:21:49	123	0	1	0
     5388	2020-01-22 14:22:00	123	0	1	0
     5385	2020-01-22 14:49:31	123	0	1	0
     5388	2020-01-22 16:34:25	123	1	1	0
     5385	2020-01-22 17:06:48	123	1	1	0
     4470	2020-01-22 17:11:09	123	1	1	0
     5385	2020-01-23 07:03:30	123	0	1	0
     4470	2020-01-23 07:19:49	123	0	1	0
     5388	2020-01-23 09:44:00	123	0	1	0
     5388	2020-01-23 17:02:29	123	1	1	0
     4470	2020-01-23 17:03:10	123	1	1	0
     5385	2020-01-23 17:03:18	123	1	1	0
     4470	2020-01-25 13:37:30	123	1	1	0
     4470	2020-01-26 07:24:51	123	0	1	0
     5385	2020-01-26 07:24:58	123	0	1	0
     5388	2020-01-26 08:31:30	123	0	1	0
     5388	2020-01-26 16:30:38	123	1	1	0
     5385	2020-01-26 17:06:14	123	1	1	0
     4470	2020-01-26 17:10:55	123	1	1	0
     4470	2020-01-27 07:23:54	123	0	1	0
     5385	2020-01-27 07:29:42	123	0	1	0
     4470	2020-01-27 17:08:00	123	1	1	0
     5385	2020-01-27 17:08:17	123	1	1	0
     4470	2020-01-28 07:47:11	123	0	1	0
     5385	2020-01-28 07:47:24	123	0	1	0
     5385	2020-01-28 17:01:24	123	1	1	0
     4470	2020-01-28 17:01:31	123	1	1	0
     4470	2020-01-29 07:22:43	123	0	1	0
     5385	2020-01-29 07:30:45	123	0	1	0
     5385	2020-01-29 17:02:44	123	1	1	0
     4470	2020-01-29 17:02:56	123	1	1	0
     4470	2020-01-30 07:23:25	123	0	1	0
     5385	2020-01-30 07:58:23	123	0	1	0
     5388	2020-01-30 09:23:06	123	0	1	0
     5385	2020-01-30 17:04:05	123	1	1	0
     4470	2020-01-30 17:11:05	123	1	1	0
     5385	2020-02-01 06:52:10	123	0	1	0
     5385	2020-02-01 12:13:40	123	1	1	0
     5385	2020-02-02 07:21:33	123	0	1	0
     4470	2020-02-02 07:22:14	123	0	1	0
     5385	2020-02-02 18:00:31	123	1	1	0
     4470	2020-02-02 18:08:06	123	0	1	0
     4470	2020-02-02 18:08:16	123	1	1	0
     4470	2020-02-03 07:23:53	123	0	1	0
     5385	2020-02-03 07:25:50	123	0	1	0
     5388	2020-02-03 08:42:42	123	0	1	0
     5385	2020-02-03 17:05:15	123	1	1	0
     4470	2020-02-03 17:06:16	123	1	1	0
     4470	2020-02-04 07:27:40	123	0	1	0
     5385	2020-02-04 07:27:47	123	0	1	0
     4470	2020-02-04 17:01:05	123	1	1	0
     5385	2020-02-04 17:01:13	123	1	1	0
     5385	2020-02-05 07:22:49	123	0	1	0
     4470	2020-02-05 07:22:57	123	0	1	0
     5385	2020-02-06 07:29:56	123	0	1	0
     4470	2020-02-06 07:30:08	123	0	1	0
     4470	2020-02-06 17:23:55	123	1	1	0
     4470	2020-02-08 08:13:49	123	0	1	0
     4470	2020-02-08 13:30:30	123	1	1	0
     5385	2020-02-09 17:08:29	123	1	1	0
     4470	2020-02-09 17:14:24	123	1	1	0
     4470	2020-02-10 07:46:18	123	0	1	0
     5385	2020-02-10 07:48:06	123	0	1	0
     5385	2020-02-10 17:04:04	123	1	1	0
     4470	2020-02-10 17:04:34	123	1	1	0
     5385	2020-02-11 17:02:08	123	1	1	0
     4470	2020-02-11 17:03:26	123	1	1	0
     4470	2020-02-13 07:23:56	123	0	1	0
     5385	2020-02-13 08:45:50	123	0	1	0
     5385	2020-02-15 06:52:12	123	0	1	0
     5385	2020-02-15 12:29:45	123	1	1	0
     4470	2020-02-16 07:30:44	123	0	1	0
     5385	2020-02-16 07:31:56	123	0	1	0
     4470	2020-02-16 17:01:26	123	1	1	0
     5385	2020-02-16 17:01:30	123	1	1	0
     4470	2020-02-17 07:45:19	123	0	1	0
     5385	2020-02-17 07:46:16	123	0	1	0
     5385	2020-02-17 17:02:58	123	1	1	0
     4470	2020-02-17 17:07:36	123	1	1	0
     5385	2020-02-18 17:06:20	123	1	1	0
     4470	2020-02-18 17:09:29	123	1	1	0
     4470	2020-02-19 07:16:10	123	0	1	0
     5385	2020-02-19 07:17:46	123	0	1	0
     4470	2020-02-19 17:02:16	123	1	1	0
     5385	2020-02-19 17:02:32	123	1	1	0
     4470	2020-02-20 07:21:25	123	0	1	0
     5385	2020-02-20 07:23:31	123	0	1	0
     4470	2020-02-20 17:06:12	123	1	1	0
     5385	2020-02-20 17:06:18	123	1	1	0
     4470	2020-02-22 08:01:13	123	0	1	0
     4470	2020-02-22 13:04:43	123	1	1	0
     4470	2020-02-23 07:27:23	123	0	1	0
     5385	2020-02-23 07:28:17	123	0	1	0
     5385	2020-02-23 17:07:13	123	1	1	0
     4470	2020-02-23 17:10:40	123	1	1	0
     5385	2020-02-24 17:04:09	123	1	1	0
     4470	2020-02-24 17:11:55	123	1	1	0
     4470	2020-02-25 07:33:39	123	0	1	0
     5385	2020-02-25 07:38:15	123	0	1	0
     4470	2020-02-25 17:00:47	123	1	1	0
     5385	2020-02-25 17:01:04	123	1	1	0
     4470	2020-02-26 07:36:26	123	0	1	0
     5385	2020-02-26 07:37:23	123	0	1	0
     4470	2020-02-26 17:12:09	123	1	1	0
     5385	2020-02-26 17:12:16	123	1	1	0
     4470	2020-02-27 07:37:09	123	0	1	0
     5385	2020-02-27 07:37:51	123	0	1	0
     5385	2020-02-27 17:07:36	123	1	1	0
     4470	2020-02-27 17:09:52	123	1	1	0
     5385	2020-02-29 06:54:59	123	0	1	0
     5385	2020-02-29 12:59:33	123	1	1	0
     4470	2020-03-01 07:21:13	123	0	1	0
     5385	2020-03-01 07:22:59	123	0	1	0
     4470	2020-03-01 17:10:50	123	1	1	0
     5385	2020-03-01 17:11:42	123	1	1	0
     4470	2020-03-02 07:13:25	123	0	1	0
     5385	2020-03-02 07:16:16	123	0	1	0
     4470	2020-03-02 17:02:11	123	1	1	0
     5385	2020-03-02 17:02:49	123	1	1	0
     5385	2020-03-03 07:13:12	123	0	1	0
     4470	2020-03-03 07:13:31	123	0	1	0
     5385	2020-03-03 17:02:37	123	1	1	0
     4470	2020-03-03 17:03:22	123	1	1	0
     5385	2020-03-04 17:04:05	123	1	1	0
     4470	2020-03-04 17:13:29	123	1	1	0
     5385	2020-03-05 17:04:58	123	1	1	0
     4470	2020-03-05 17:14:45	123	1	1	0
     4470	2020-03-07 07:55:02	123	0	1	0
     4470	2020-03-07 13:03:26	123	1	1	0
     4470	2020-03-08 07:31:00	123	0	1	0
     5385	2020-03-08 07:31:58	123	0	1	0
     4470	2020-03-08 17:13:54	123	1	1	0
     5385	2020-03-08 17:14:09	123	1	1	0
     5385	2020-03-09 17:05:18	123	1	1	0
     4470	2020-03-09 17:07:27	123	1	1	0
     4470	2020-03-10 07:37:46	123	0	1	0
     5385	2020-03-10 07:41:36	123	0	1	0
     4470	2020-03-10 17:03:38	123	1	1	0
     5385	2020-03-10 17:04:49	123	1	1	0
     4470	2020-03-11 07:32:22	123	0	1	0
     5385	2020-03-11 07:34:12	123	0	1	0
     5385	2020-03-12 07:04:54	123	0	1	0
     4470	2020-03-12 07:38:41	123	0	1	0
     5385	2020-03-12 17:02:43	123	1	1	0
     4470	2020-03-12 17:05:08	123	1	1	0
     5385	2020-03-14 06:56:46	123	0	1	0
     5385	2020-03-14 12:16:38	123	1	1	0
     4470	2020-03-15 07:25:15	123	0	1	0
     5385	2020-03-15 07:27:33	123	0	1	0
     5385	2020-03-15 17:01:50	123	1	1	0
     4470	2020-03-15 17:03:56	123	1	1	0
     4470	2020-03-16 07:41:02	123	0	1	0
     5385	2020-03-16 07:43:43	123	0	1	0
     4470	2020-03-16 16:08:24	123	1	1	0
     5385	2020-03-16 16:08:44	123	1	1	0
     4470	2020-03-17 08:02:10	123	0	1	0
     5385	2020-03-17 08:04:16	123	0	1	0
     4470	2020-03-17 16:04:03	123	1	1	0
     5385	2020-03-17 16:05:01	123	1	1	0
     4470	2020-03-18 07:47:37	123	0	1	0
     5385	2020-03-18 07:51:48	123	0	1	0
     5385	2020-03-18 16:08:20	123	1	1	0
     4470	2020-03-18 16:10:45	123	1	1	0
     5385	2020-03-19 07:12:24	123	0	1	0
     4470	2020-03-19 07:37:03	123	0	1	0
     5385	2020-03-19 16:08:05	123	1	1	0
     4470	2020-03-19 16:10:00	123	1	1	0
     4470	2020-03-22 07:46:48	123	0	1	0
     5385	2020-03-22 07:49:58	123	0	1	0
     5385	2020-03-22 16:03:57	123	1	1	0
     4470	2020-03-22 16:07:49	123	1	1	0
     4470	2020-03-23 16:00:40	123	1	1	0
     5385	2020-03-23 16:04:04	123	1	1	0
     4470	2020-07-14 07:17:42	123	0	1	0
     5385	2020-07-14 07:18:08	123	0	1	0
     4470	2020-07-14 15:31:15	123	1	1	0
     5385	2020-07-14 15:31:34	123	1	1	0
     5385	2020-07-15 07:09:22	123	0	1	0
     4470	2020-07-15 07:09:30	123	0	1	0
     5385	2020-07-15 14:18:37	123	0	1	0
     5385	2020-07-15 14:18:49	123	0	1	0
     5385	2020-07-15 14:30:53	123	0	1	0
     5385	2020-07-15 14:31:27	123	0	1	0
     5385	2020-07-15 14:33:41	123	0	1	0
     5385	2020-07-15 14:33:53	123	0	1	0
     5385	2020-07-15 14:34:42	123	0	1	0
     5385	2020-07-15 14:35:09	123	0	1	0
     5385	2020-07-20 16:06:28	123	1	1	0
     4470	2020-07-20 16:06:50	123	1	1	0
     4470	2020-07-21 08:03:00	123	0	1	0
     5385	2020-07-21 08:06:19	123	0	1	0
     4470	2020-07-21 16:04:17	123	1	1	0
     5385	2020-07-21 16:04:23	123	1	1	0
     4470	2020-07-22 07:49:59	123	0	1	0
     5385	2020-07-22 07:52:27	123	0	1	0
     5385	2020-07-22 16:31:34	123	1	1	0
     4470	2020-07-23 07:56:13	123	0	1	0
     5385	2020-07-23 07:56:19	123	0	1	0
     4470	2020-07-23 16:03:48	123	1	1	0
     5385	2020-07-23 16:03:55	123	1	1	0
     5385	2020-07-26 07:55:44	123	0	1	0
     4470	2020-07-26 07:56:05	123	0	1	0
     4470	2020-07-26 16:00:03	123	1	1	0
     5385	2020-07-26 16:00:08	123	1	1	0
     4470	2020-07-27 07:51:20	123	0	1	0
     5385	2020-07-27 07:51:59	123	0	1	0
     4470	2020-07-27 16:01:42	123	1	1	0
     5385	2020-07-27 16:02:30	123	1	1	0
     4470	2020-07-28 07:54:58	123	0	1	0
     5385	2020-07-28 07:59:09	123	0	1	0
     4470	2020-07-28 16:08:31	123	1	1	0
     5385	2020-07-28 16:08:44	123	1	1	0
     4470	2020-07-29 07:52:45	123	0	1	0
     5385	2020-07-29 07:54:37	123	0	1	0
     4470	2020-07-29 16:18:04	123	1	1	0
     5385	2020-07-29 16:18:13	123	1	1	0
     4470	2020-08-03 07:54:59	123	0	1	0
     5385	2020-08-03 07:55:04	123	0	1	0
     5385	2020-08-03 16:09:51	123	1	1	0
     4470	2020-08-03 16:16:46	123	1	1	0
     4470	2020-08-04 07:51:54	123	0	1	0
     5385	2020-08-04 07:53:43	123	0	1	0
     5385	2020-08-04 16:22:32	123	1	1	0
     4470	2020-08-04 16:23:57	123	1	1	0
     4470	2020-08-05 07:51:49	123	0	1	0
     5385	2020-08-05 07:56:13	123	0	1	0
     5385	2020-08-05 16:03:58	123	1	1	0
     4470	2020-08-05 16:07:02	123	1	1	0
     4470	2020-08-06 07:55:33	123	0	1	0
     5385	2020-08-06 07:55:43	123	0	1	0
     4470	2020-08-06 16:21:05	123	1	1	0
     5385	2020-08-06 16:21:10	123	1	1	0
     4470	2020-08-09 07:49:04	123	0	1	0
     5385	2020-08-09 07:49:50	123	0	1	0
     5385	2020-08-09 15:51:03	123	1	1	0
     4470	2020-08-09 15:52:21	123	1	1	0
     4470	2020-08-10 07:39:30	123	0	1	0
     5385	2020-08-10 08:11:29	123	0	1	0
     5385	2020-08-10 16:07:03	123	1	1	0
     4470	2020-08-10 16:11:08	123	1	1	0
     4470	2020-08-11 07:53:37	123	0	1	0
     5385	2020-08-11 07:54:45	123	0	1	0
     5385	2020-08-11 16:03:58	123	1	1	0
     4470	2020-08-11 16:08:57	123	1	1	0
     4470	2020-08-12 07:52:44	123	0	1	0
     5385	2020-08-12 07:58:40	123	0	1	0
     5385	2020-08-12 16:06:20	123	1	1	0
     4470	2020-08-12 16:08:20	123	1	1	0
     4470	2020-08-13 07:48:02	123	0	1	0
     5385	2020-08-13 07:49:29	123	0	1	0
     4470	2020-08-13 16:11:51	123	1	1	0
     5385	2020-08-13 16:11:58	123	1	1	0
     4470	2020-08-16 07:48:57	123	0	1	0
     5385	2020-08-16 07:50:33	123	0	1	0
     5385	2020-08-16 16:03:15	123	1	1	0
     4470	2020-08-16 16:12:39	123	1	1	0
     4470	2020-08-17 07:47:04	123	0	1	0
     5385	2020-08-17 07:49:25	123	0	1	0
     5385	2020-08-17 16:14:52	123	1	1	0
     4470	2020-08-17 16:15:40	123	1	1	0
     4470	2020-08-18 07:50:06	123	0	1	0
     5385	2020-08-18 07:52:02	123	0	1	0
     4470	2020-08-18 16:03:50	123	1	1	0
     5385	2020-08-18 16:03:56	123	1	1	0
     4470	2020-08-19 07:46:59	123	0	1	0
     5385	2020-08-19 07:51:12	123	0	1	0
     5385	2020-08-19 16:08:31	123	1	1	0
     4470	2020-08-19 16:10:46	123	1	1	0
     4470	2020-08-20 07:47:43	123	0	1	0
     5385	2020-08-20 07:47:58	123	0	1	0
     4470	2020-08-20 16:16:08	123	1	1	0
     5385	2020-08-20 16:16:17	123	1	1	0
     5385	2020-08-24 07:57:15	123	0	1	0
     4470	2020-08-24 07:59:01	123	0	1	0
     5385	2020-08-24 16:17:21	123	1	1	0
     4470	2020-08-24 16:17:36	123	1	1	0
     4470	2020-08-25 07:47:44	123	0	1	0
     5385	2020-08-25 07:49:14	123	0	1	0
     5385	2020-08-25 16:05:53	123	1	1	0
     4470	2020-08-25 16:12:39	123	1	1	0
     4470	2020-08-26 07:51:37	123	0	1	0
     5385	2020-08-26 07:51:47	123	0	1	0
     5385	2020-08-26 16:03:27	123	1	1	0
     4470	2020-08-26 16:08:19	123	1	1	0
     5385	2020-08-27 08:03:27	123	0	1	0
     5385	2020-08-27 16:06:19	123	1	1	0
     5385	2020-08-30 07:49:41	123	0	1	0
     4470	2020-08-30 07:50:30	123	0	1	0
     5385	2020-08-30 16:06:33	123	1	1	0
     4470	2020-08-30 16:10:27	123	1	1	0
     4470	2020-08-31 07:50:44	123	0	1	0
     5385	2020-08-31 07:52:01	123	0	1	0
     5385	2020-08-31 16:16:03	123	1	1	0
     4470	2020-08-31 16:16:47	123	1	1	0
     4470	2020-09-01 07:21:27	123	0	1	0
     5385	2020-09-01 07:21:57	123	0	1	0
     5385	2020-09-01 16:17:17	123	1	1	0
     4470	2020-09-02 07:51:37	123	0	1	0
     5385	2020-09-02 16:18:54	123	1	1	0
     4470	2020-09-03 07:47:15	123	0	1	0
     5385	2020-09-03 07:49:13	123	0	1	0
     5385	2020-09-03 16:08:44	123	1	1	0
     4470	2020-09-03 16:35:08	123	1	1	0
     4470	2020-09-06 07:26:46	123	0	1	0
     4470	2020-09-06 16:04:53	123	1	1	0
     4470	2020-09-07 07:37:11	123	0	1	0
     4470	2020-09-07 16:10:44	123	1	1	0
     4470	2020-09-08 07:21:33	123	0	1	0
     4470	2020-09-08 16:17:28	123	1	1	0
     4470	2020-09-09 07:23:04	123	0	1	0
     4470	2020-09-09 16:09:58	123	1	1	0
     4470	2020-09-10 07:17:20	123	0	1	0
     4470	2020-09-10 16:03:52	123	1	1	0
     4470	2020-09-13 07:23:56	123	0	1	0
     4470	2020-09-13 15:57:35	123	1	1	0
     4470	2020-09-14 07:21:17	123	0	1	0
     4470	2020-09-14 16:05:49	123	1	1	0
     4470	2020-09-15 07:18:42	123	0	1	0
     4470	2020-09-15 16:04:25	123	1	1	0
     4470	2020-09-16 07:18:14	123	0	1	0
     4470	2020-09-16 16:08:58	123	1	1	0
     4470	2020-09-17 07:13:50	123	0	1	0
     4470	2020-09-17 16:05:18	123	1	1	0
     4470	2020-09-20 07:21:12	123	0	1	0
     4470	2020-09-20 16:15:05	123	1	1	0
     4470	2020-09-21 07:17:58	123	0	1	0
     4470	2020-09-21 16:07:11	123	1	1	0
     4470	2020-09-22 07:21:46	123	0	1	0
     4470	2020-09-22 16:05:47	123	1	1	0
     4470	2020-09-23 07:22:02	123	0	1	0
     4470	2020-09-23 16:03:20	123	1	1	0
     4470	2020-09-24 07:18:15	123	0	1	0
     4470	2020-09-24 16:02:58	123	1	1	0
     4470	2020-09-27 07:20:21	123	0	1	0
     4470	2020-09-27 16:10:00	123	1	1	0
     4470	2020-09-28 07:20:40	123	0	1	0
     4470	2020-09-28 16:03:18	123	1	1	0
     4470	2020-09-29 07:20:29	123	0	1	0
     4470	2020-09-29 16:06:10	123	1	1	0
     4470	2020-09-30 07:18:04	123	0	1	0
     4470	2020-09-30 16:00:19	123	1	1	0
     4470	2020-10-01 07:00:59	123	0	1	0
     4470	2020-10-01 16:06:00	123	1	1	0
     4470	2020-10-04 07:22:06	123	0	1	0
     4470	2020-10-04 16:08:48	123	1	1	0
     4470	2020-10-05 07:38:12	123	0	1	0
     5385	2020-10-05 07:41:56	123	0	1	0
     5385	2020-10-05 16:15:14	123	1	1	0
     4470	2020-10-05 16:15:54	123	1	1	0
     4470	2020-10-06 07:35:46	123	0	1	0
     5385	2020-10-06 07:37:34	123	0	1	0
     5385	2020-10-06 16:06:14	123	1	1	0
     4470	2020-10-06 16:10:37	123	1	1	0
     4470	2020-10-07 07:35:40	123	0	1	0
     5385	2020-10-07 07:37:10	123	0	1	0
     5385	2020-10-07 16:15:52	123	1	1	0
     4470	2020-10-07 16:16:09	123	1	1	0
     4470	2020-10-08 07:38:17	123	0	1	0
     5385	2020-10-08 07:39:31	123	0	1	0
     5385	2020-10-08 16:04:51	123	1	1	0
     4470	2020-10-08 16:07:04	123	1	1	0
     5385	2020-10-11 07:35:22	123	0	1	0
     4470	2020-10-11 07:37:47	123	0	1	0
     4470	2020-10-11 16:11:36	123	1	1	0
     5385	2020-10-11 16:11:48	123	1	1	0
     4470	2020-10-12 07:34:45	123	0	1	0
     5385	2020-10-12 07:38:17	123	0	1	0
     4470	2020-10-12 16:30:26	123	1	1	0
     5385	2020-10-12 16:30:41	123	1	1	0
     4470	2020-10-13 07:31:23	123	0	1	0
     5385	2020-10-13 08:17:47	123	0	1	0
     5385	2020-10-13 16:04:34	123	1	1	0
     4470	2020-10-13 16:05:11	123	1	1	0
     5385	2020-10-14 07:32:27	123	0	1	0
     4470	2020-10-14 07:32:51	123	0	1	0
     5385	2020-10-14 16:02:08	123	1	1	0
     4470	2020-10-14 16:08:31	123	1	1	0
     4470	2020-10-15 07:46:20	123	0	1	0
     5385	2020-10-15 07:46:24	123	0	1	0
     5385	2020-10-15 16:11:42	123	1	1	0
     4470	2020-10-15 16:15:00	123	1	1	0
     5385	2020-10-18 07:35:53	123	0	1	0
     4470	2020-10-18 07:36:10	123	0	1	0
     5385	2020-10-18 16:09:44	123	1	1	0
     4470	2020-10-19 07:33:16	123	0	1	0
     5385	2020-10-19 07:34:43	123	0	1	0
     5385	2020-10-19 16:11:17	123	1	1	0
     4470	2020-10-19 16:14:11	123	1	1	0
     4470	2020-10-20 07:30:59	123	0	1	0
     5385	2020-10-20 07:34:40	123	0	1	0
     5385	2020-10-20 16:11:05	123	1	1	0
     4470	2020-10-20 16:16:07	123	1	1	0
     5385	2020-10-21 07:33:17	123	0	1	0
     5385	2020-10-21 16:04:20	123	1	1	0
     5385	2020-10-22 07:52:55	123	0	1	0
     5385	2020-10-22 16:09:32	123	1	1	0
     5385	2020-10-25 07:28:17	123	0	1	0
     5385	2020-10-25 16:12:38	123	1	1	0
     5385	2020-10-26 07:18:40	123	0	1	0
     5385	2020-10-26 16:00:04	123	1	1	0
     5385	2020-10-27 07:16:49	123	0	1	0
     5385	2020-10-27 16:02:15	123	1	1	0
     5385	2020-10-28 07:11:52	123	0	1	0
     5385	2020-10-28 16:00:35	123	1	1	0
     5385	2020-11-01 07:23:27	123	0	1	0
     5385	2020-11-01 16:01:37	123	1	1	0
     5385	2020-11-02 07:35:43	123	0	1	0
     5385	2020-11-02 16:00:13	123	1	1	0
     5385	2020-11-03 07:29:14	123	0	1	0
     5385	2020-11-03 16:00:29	123	1	1	0
     5385	2020-11-04 07:21:44	123	0	1	0
     5385	2020-11-04 16:02:36	123	1	1	0
     5385	2020-11-05 07:13:54	123	0	1	0
     5385	2020-11-05 16:03:01	123	1	1	0
     5385	2020-11-08 07:33:07	123	0	1	0
     5385	2020-11-08 16:02:58	123	1	1	0
     5385	2020-11-09 07:25:30	123	0	1	0
     5385	2020-11-09 16:00:28	123	1	1	0
     5385	2020-11-10 07:26:41	123	0	1	0
     5385	2020-11-10 16:04:35	123	1	1	0
     5385	2020-11-11 07:17:02	123	0	1	0
     5385	2020-11-11 16:04:07	123	1	1	0
     5385	2020-11-12 07:30:15	123	0	1	0
     5385	2020-11-12 16:06:18	123	1	1	0
     5385	2020-11-15 07:13:05	123	0	1	0
     5385	2020-11-15 16:02:27	123	1	1	0
     5385	2020-11-16 07:25:45	123	0	1	0
     5385	2020-11-16 16:02:33	123	1	1	0
     5385	2020-11-17 07:25:31	123	0	1	0
     5385	2020-11-17 16:02:21	123	1	1	0
     5385	2020-11-18 07:29:32	123	0	1	0
     5385	2020-11-18 16:01:49	123	1	1	0
     5385	2020-11-19 07:08:41	123	0	1	0
     5385	2020-11-19 16:03:24	123	1	1	0
     5385	2020-11-22 07:47:42	123	0	1	0
     4470	2020-11-22 07:48:16	123	0	1	0
     5385	2020-11-22 16:03:50	123	1	1	0
     4470	2020-11-22 16:04:10	123	1	1	0
     4470	2020-11-23 07:35:34	123	0	1	0
     5385	2020-11-23 07:39:18	123	0	1	0
     5385	2020-11-23 16:05:15	123	1	1	0
     4470	2020-11-24 07:37:43	123	0	1	0
     5385	2020-11-24 07:40:37	123	0	1	0
     5385	2020-11-24 16:05:44	123	1	1	0
     4470	2020-11-24 16:06:13	123	1	1	0
     4470	2020-11-25 07:37:32	123	0	1	0
     5385	2020-11-25 16:06:32	123	1	1	0
     4470	2020-11-25 16:13:38	123	1	1	0
     4470	2020-11-26 07:36:37	123	0	1	0
     5385	2020-11-26 07:41:34	123	0	1	0
     5385	2020-11-26 16:09:00	123	1	1	0
     4470	2020-11-26 16:10:48	123	1	1	0
     4470	2020-11-29 07:47:33	123	0	1	0
     5385	2020-11-29 07:47:52	123	0	1	0
     5385	2020-11-29 16:04:03	123	1	1	0
     4470	2020-11-29 16:04:10	123	1	1	0
     4470	2020-11-30 07:37:18	123	0	1	0
     5385	2020-11-30 07:37:25	123	0	1	0
     5385	2020-11-30 16:04:59	123	1	1	0
     4470	2020-11-30 16:06:50	123	1	1	0
     5385	2020-12-06 07:42:57	123	0	1	0
     4470	2020-12-06 07:43:59	123	0	1	0
     5385	2020-12-06 16:05:43	123	1	1	0
     4470	2020-12-06 16:07:31	123	1	1	0
     4470	2020-12-07 07:36:19	123	0	1	0
     5385	2020-12-07 07:42:07	123	0	1	0
     5385	2020-12-07 16:02:19	123	1	1	0
     4470	2020-12-07 16:08:08	123	1	1	0
     4470	2020-12-08 07:38:35	123	0	1	0
     5385	2020-12-08 07:39:53	123	0	1	0
     5385	2020-12-08 16:02:42	123	1	1	0
     4470	2020-12-08 16:05:54	123	1	1	0
     4470	2020-12-09 07:39:53	123	0	1	0
     5385	2020-12-09 07:44:18	123	0	1	0
     5385	2020-12-09 16:05:20	123	1	1	0
     4470	2020-12-09 16:09:53	123	1	1	0
     4470	2020-12-10 07:39:26	123	0	1	0
     5385	2020-12-10 07:40:46	123	0	1	0
     5385	2020-12-10 16:12:36	123	1	1	0
     4470	2020-12-10 16:25:24	123	1	1	0
     4470	2020-12-13 07:52:48	123	0	1	0
     5385	2020-12-13 07:52:55	123	0	1	0
     5385	2020-12-13 16:01:36	123	1	1	0
     4470	2020-12-13 16:03:37	123	1	1	0
     4470	2020-12-14 07:42:15	123	0	1	0
     5385	2020-12-14 16:04:33	123	1	1	0
     4470	2020-12-14 16:11:38	123	1	1	0
     4470	2020-12-15 07:38:59	123	0	1	0
     5385	2020-12-15 07:42:07	123	0	1	0
     4470	2020-12-15 16:13:52	123	1	1	0
     4470	2020-12-16 07:37:43	123	0	1	0
     5385	2020-12-16 07:42:07	123	0	1	0
     5385	2020-12-16 16:05:33	123	1	1	0
     4470	2020-12-16 16:05:57	123	1	1	0
     4470	2020-12-17 07:37:01	123	0	1	0
     5385	2020-12-17 07:43:05	123	0	1	0
     5385	2020-12-17 16:07:27	123	1	1	0
     4470	2020-12-17 16:07:43	123	1	1	0
     4470	2020-12-20 07:42:23	123	0	1	0
     5385	2020-12-20 07:42:29	123	0	1	0
     5385	2020-12-20 16:01:21	123	1	1	0
     4470	2020-12-20 16:01:56	123	1	1	0
     4470	2020-12-21 07:36:01	123	0	1	0
     5385	2020-12-21 07:39:41	123	0	1	0
     4470	2020-12-21 15:59:30	123	1	1	0
     5385	2020-12-21 16:00:27	123	1	1	0
     5385	2020-12-22 07:28:22	123	0	1	0
     4470	2020-12-22 07:29:10	123	0	1	0
     5385	2020-12-22 16:01:03	123	1	1	0
     4470	2020-12-22 16:14:31	123	1	1	0
     4470	2020-12-23 07:34:49	123	0	1	0
     5385	2020-12-23 07:39:10	123	0	1	0
     4470	2020-12-23 16:05:14	123	1	1	0
     5385	2020-12-23 16:05:43	123	1	1	0
     5385	2020-12-24 07:47:12	123	0	1	0
     4470	2020-12-24 07:47:19	123	0	1	0
     5385	2020-12-24 16:00:05	123	1	1	0
     4470	2020-12-24 16:01:48	123	1	1	0
     5385	2020-12-27 07:37:59	123	0	1	0
     4470	2020-12-27 07:38:17	123	0	1	0
     5385	2020-12-27 16:01:34	123	1	1	0
     4470	2020-12-27 16:05:37	123	1	1	0
     4470	2020-12-28 07:37:30	123	0	1	0
     5385	2020-12-28 07:41:12	123	0	1	0
     5385	2020-12-28 16:01:58	123	1	1	0
     4470	2020-12-28 16:02:21	123	1	1	0
     4470	2020-12-29 07:36:55	123	0	1	0
     5385	2020-12-29 07:42:24	123	0	1	0
     5385	2020-12-29 16:02:17	123	1	1	0
     4470	2020-12-29 16:03:55	123	1	1	0
     5385	2020-12-30 07:55:04	123	0	1	0
     4470	2020-12-30 07:55:11	123	0	1	0
     5385	2020-12-30 16:04:08	123	1	1	0
     4470	2020-12-30 16:06:12	123	1	1	0
     4470	2020-12-31 07:38:40	123	0	1	0
     5385	2020-12-31 07:42:57	123	0	1	0
     4470	2020-12-31 16:06:26	123	1	1	0
     5385	2020-12-31 16:06:32	123	1	1	0
     4470	2021-01-03 07:36:40	123	0	1	0
     5385	2021-01-03 07:39:44	123	0	1	0
     4470	2021-01-03 16:03:42	123	1	1	0
     5385	2021-01-03 16:04:12	123	1	1	0
     4470	2021-01-04 07:36:36	123	0	1	0
     5385	2021-01-04 07:39:34	123	0	1	0
     5385	2021-01-04 16:02:59	123	1	1	0
     4470	2021-01-04 16:06:36	123	1	1	0
     4470	2021-01-05 07:37:51	123	0	1	0
     5385	2021-01-05 07:37:56	123	0	1	0
     5385	2021-01-05 16:07:33	123	1	1	0
     4470	2021-01-05 16:07:40	123	1	1	0
     4470	2021-01-06 07:37:10	123	0	1	0
     5385	2021-01-06 07:38:50	123	0	1	0
     5385	2021-01-06 16:06:48	123	1	1	0
     4470	2021-01-06 16:07:05	123	1	1	0
     5385	2021-01-07 07:20:51	123	0	1	0
     4470	2021-01-07 07:30:18	123	0	1	0
     4470	2021-01-07 16:03:00	123	1	1	0
     5385	2021-01-07 16:03:32	123	1	1	0
     4470	2021-01-10 07:34:58	123	0	1	0
     5385	2021-01-10 07:35:09	123	0	1	0
     4470	2021-01-10 16:02:27	123	1	1	0
     5385	2021-01-10 16:04:49	123	1	1	0
     4470	2021-01-11 07:34:51	123	0	1	0
     5385	2021-01-11 07:37:15	123	0	1	0
     5385	2021-01-11 16:03:02	123	1	1	0
     4470	2021-01-11 16:04:28	123	1	1	0
     4470	2021-01-12 07:35:23	123	0	1	0
     5385	2021-01-12 07:39:18	123	0	1	0
     4470	2021-01-13 07:34:36	123	0	1	0
     5385	2021-01-13 07:34:47	123	0	1	0
     5385	2021-01-13 16:04:58	123	1	1	0
     4470	2021-01-13 16:05:29	123	1	1	0
     5385	2021-01-14 05:21:44	123	0	1	0
     4470	2021-01-14 07:12:09	123	0	1	0
     5385	2021-01-14 16:07:55	123	1	1	0
     4470	2021-01-14 16:09:28	123	1	1	0
     4470	2021-01-17 07:34:32	123	0	1	0
     5385	2021-01-17 07:35:49	123	0	1	0
     5385	2021-01-18 07:16:19	123	0	1	0
     5385	2021-01-18 16:05:20	123	1	1	0
     4470	2021-01-18 16:07:35	123	1	1	0
     4470	2021-01-19 07:37:03	123	0	1	0
     5385	2021-01-19 07:37:09	123	0	1	0
     4470	2021-01-19 16:16:47	123	1	1	0
     5385	2021-01-19 16:16:53	123	1	1	0
     5385	2021-01-20 07:51:41	123	0	1	0
     4470	2021-01-20 07:52:00	123	0	1	0
     4470	2021-01-20 16:03:52	123	1	1	0
     5385	2021-01-20 16:04:02	123	1	1	0
     4470	2021-01-21 07:38:35	123	0	1	0
     5385	2021-01-21 07:38:40	123	0	1	0
     5385	2021-01-21 16:06:48	123	1	1	0
     4470	2021-01-21 16:09:32	123	1	1	0
     5385	2021-01-24 07:35:40	123	0	1	0
     4470	2021-01-24 07:35:58	123	0	1	0
     4470	2021-01-24 16:12:51	123	1	1	0
     5385	2021-01-24 16:12:57	123	1	1	0
     4470	2021-01-25 07:35:41	123	0	1	0
     5385	2021-01-25 07:35:47	123	0	1	0
     5385	2021-01-25 16:11:34	123	1	1	0
     4470	2021-01-25 16:12:03	123	1	1	0
     4470	2021-01-26 07:41:41	123	0	1	0
     4470	2021-01-26 16:00:20	123	1	1	0
     5385	2021-01-26 16:04:54	123	1	1	0
     4470	2021-01-27 07:36:19	123	0	1	0
     5385	2021-01-27 07:36:27	123	0	1	0
     5385	2021-01-27 16:11:03	123	1	1	0
     4470	2021-01-27 16:11:31	123	1	1	0
     4470	2021-01-28 07:37:06	123	0	1	0
     5385	2021-01-28 07:39:24	123	0	1	0
     5385	2021-01-28 16:20:40	123	1	1	0
     4470	2021-01-28 16:21:34	123	1	1	0
     4470	2021-01-31 07:36:30	123	0	1	0
     5385	2021-01-31 07:36:42	123	0	1	0
     4470	2021-01-31 16:44:55	123	1	1	0
     5385	2021-01-31 16:45:01	123	1	1	0
     4470	2021-02-01 07:37:03	123	0	1	0
     5385	2021-02-01 07:38:18	123	0	1	0
     5385	2021-02-01 16:04:54	123	1	1	0
     4470	2021-02-01 16:05:44	123	1	1	0
     5385	2021-02-02 07:35:04	123	0	1	0
     4470	2021-02-02 07:35:38	123	0	1	0
     4470	2021-02-02 16:01:16	123	1	1	0
     4470	2021-02-03 07:35:57	123	0	1	0
     5385	2021-02-03 07:37:18	123	0	1	0
     4470	2021-02-03 16:04:40	123	1	1	0
     5385	2021-02-03 16:05:24	123	1	1	0
     5385	2021-02-04 07:36:35	123	0	1	0
     4470	2021-02-04 07:40:22	123	0	1	0
     4470	2021-02-04 16:04:54	123	1	1	0
     5385	2021-02-04 16:05:13	123	1	1	0
     5385	2021-02-07 07:09:11	123	0	1	0
     4470	2021-02-07 07:25:52	123	0	1	0
     5385	2021-02-07 16:06:41	123	1	1	0
     4470	2021-02-07 16:07:22	123	1	1	0
     4470	2021-02-08 07:36:37	123	0	1	0
     5385	2021-02-08 07:38:28	123	0	1	0
     5385	2021-02-08 16:08:16	123	1	1	0
     4470	2021-02-08 16:08:43	123	1	1	0
     4470	2021-02-09 07:35:37	123	0	1	0
     5385	2021-02-09 07:35:53	123	0	1	0
     4470	2021-02-09 16:08:13	123	1	1	0
     5385	2021-02-09 16:08:20	123	1	1	0
     5385	2021-02-10 07:34:08	123	0	1	0
     5385	2021-02-10 16:07:12	123	1	1	0
     4470	2021-02-10 16:07:40	123	1	1	0
     5385	2021-02-11 07:35:27	123	0	1	0
     4470	2021-02-11 07:35:38	123	0	1	0
     5385	2021-02-11 16:14:38	123	1	1	0
     4470	2021-02-11 16:16:13	123	1	1	0
     4470	2021-02-14 07:49:41	123	0	1	0
     5385	2021-02-14 07:49:51	123	0	1	0
     4470	2021-02-14 16:07:20	123	1	1	0
     5385	2021-02-14 16:07:52	123	1	1	0
     4470	2021-02-15 07:28:46	123	0	1	0
     5385	2021-02-15 07:28:53	123	0	1	0
     5385	2021-02-15 16:06:05	123	1	1	0
     4470	2021-02-15 16:11:51	123	1	1	0
     5385	2021-02-16 07:40:24	123	0	1	0
     4470	2021-02-16 07:57:11	123	0	1	0
     5385	2021-02-16 16:12:34	123	1	1	0
     4470	2021-02-16 16:12:46	123	1	1	0
     4470	2021-02-17 07:41:13	123	0	1	0
     5385	2021-02-17 07:41:17	123	0	1	0
     4470	2021-02-17 16:05:13	123	1	1	0
     5385	2021-02-17 16:05:22	123	1	1	0
     4470	2021-02-18 07:26:28	123	0	1	0
     5385	2021-02-18 07:26:35	123	0	1	0
     5385	2021-02-18 16:06:25	123	1	1	0
     4470	2021-02-18 16:06:38	123	1	1	0
     5385	2021-02-21 07:32:38	123	0	1	0
     4470	2021-02-21 07:33:50	123	0	1	0
     4470	2021-02-21 16:03:47	123	1	1	0
     5385	2021-02-21 16:04:55	123	1	1	0
     4470	2021-02-22 07:27:49	123	0	1	0
     5385	2021-02-22 07:27:56	123	0	1	0
     5385	2021-02-22 16:06:38	123	1	1	0
     4470	2021-02-22 16:15:20	123	1	1	0
     4470	2021-02-23 07:28:25	123	0	1	0
     5385	2021-02-23 07:28:32	123	0	1	0
     5385	2021-02-23 16:10:32	123	1	1	0
     4470	2021-02-23 16:10:41	123	1	1	0
     4470	2021-02-24 07:26:56	123	0	1	0
     5385	2021-02-24 07:27:09	123	0	1	0
     5385	2021-02-24 16:02:11	123	1	1	0
     4470	2021-02-24 16:02:22	123	1	1	0
     4470	2021-02-25 07:26:17	123	0	1	0
     5385	2021-02-25 07:26:27	123	0	1	0
     5385	2021-02-25 16:06:10	123	1	1	0
     4470	2021-02-25 16:09:39	123	1	1	0
     5385	2021-02-28 07:26:02	123	0	1	0
     4470	2021-02-28 07:26:42	123	0	1	0
     4470	2021-03-01 07:27:21	123	0	1	0
     5385	2021-03-01 07:27:29	123	0	1	0
     5385	2021-03-01 16:02:57	123	1	1	0
     4470	2021-03-01 16:04:02	123	1	1	0
     4470	2021-03-02 07:28:55	123	0	1	0
     5385	2021-03-02 07:29:08	123	0	1	0
     4470	2021-03-02 16:07:14	123	1	1	0
     5385	2021-03-02 16:07:22	123	1	1	0
     5385	2021-03-03 06:59:31	123	0	1	0
     5385	2021-03-03 16:00:08	123	1	1	0
     4470	2021-03-03 16:01:33	123	1	1	0
     4470	2021-03-04 07:30:11	123	0	1	0
     5385	2021-03-04 07:30:21	123	0	1	0
     4470	2021-03-04 16:01:17	123	1	1	0
     5385	2021-03-04 16:01:27	123	1	1	0
     4470	2021-03-07 07:24:45	123	0	1	0
     5385	2021-03-07 07:24:53	123	0	1	0
     4470	2021-03-07 16:01:27	123	1	1	0
     5385	2021-03-07 16:01:35	123	1	1	0
     5385	2021-03-07 16:02:23	123	1	1	0
     5385	2021-03-08 06:44:39	123	0	1	0
     4470	2021-03-08 16:01:41	123	1	1	0
     5385	2021-03-08 16:05:42	123	1	1	0
     4470	2021-03-09 07:27:20	123	0	1	0
     5385	2021-03-09 07:27:36	123	0	1	0
     5385	2021-03-09 16:10:27	123	1	1	0
     4470	2021-03-09 16:10:39	123	1	1	0
     5385	2021-03-10 07:25:40	123	0	1	0
     4470	2021-03-10 07:25:52	123	0	1	0
     4470	2021-03-10 16:01:04	123	1	1	0
     5385	2021-03-10 16:01:12	123	1	1	0
     5385	2021-03-11 07:29:37	123	0	1	0
     4470	2021-03-11 07:46:27	123	0	1	0
     4470	2021-03-11 16:03:06	123	1	1	0
     5385	2021-03-11 16:04:43	123	1	1	0
     4470	2021-03-14 07:28:05	123	0	1	0
     5385	2021-03-14 07:28:14	123	0	1	0
     4470	2021-03-14 16:01:03	123	1	1	0
     5385	2021-03-14 16:01:09	123	1	1	0
     5385	2021-03-15 07:23:30	123	0	1	0
     4470	2021-03-15 07:24:22	123	0	1	0
     5385	2021-03-15 16:03:48	123	1	1	0
     4470	2021-03-15 16:03:55	123	1	1	0
     5385	2021-03-16 07:29:19	123	0	1	0
     4470	2021-03-16 07:29:31	123	0	1	0
     5385	2021-03-16 16:00:48	123	1	1	0
     4470	2021-03-16 16:02:04	123	1	1	0
     4470	2021-03-17 07:25:47	123	0	1	0
     5385	2021-03-17 07:25:59	123	0	1	0
     5385	2021-03-17 16:03:38	123	0	1	0
     4470	2021-03-18 07:27:24	123	0	1	0
     5385	2021-03-18 07:27:32	123	0	1	0
     5385	2021-03-18 16:08:48	123	1	1	0
     4470	2021-03-18 16:45:36	123	1	1	0
     5385	2021-03-21 07:33:24	123	0	1	0
     5385	2021-03-21 16:11:04	123	1	1	0
     4470	2021-03-21 16:18:36	123	1	1	0
     4470	2021-03-22 07:25:49	123	0	1	0
     5385	2021-03-22 07:25:55	123	0	1	0
     4470	2021-03-22 16:58:40	123	1	1	0
     5385	2021-03-22 16:58:47	123	1	1	0
     4470	2021-03-23 07:24:29	123	0	1	0
     5385	2021-03-23 07:24:36	123	0	1	0
     4470	2021-03-23 16:27:08	123	1	1	0
     5385	2021-03-23 16:27:18	123	1	1	0
     4470	2021-03-24 07:27:07	123	0	1	0
     5385	2021-03-24 07:27:20	123	0	1	0
     5385	2021-03-24 16:05:54	123	1	1	0
     4470	2021-03-24 16:06:37	123	1	1	0
     4470	2021-03-25 07:20:24	123	0	1	0
     4470	2021-03-25 16:12:25	123	1	1	0
     5385	2021-03-28 07:06:24	123	0	1	0
     5385	2021-03-28 16:05:05	123	1	1	0
     5385	2021-03-29 07:25:43	123	0	1	0
     5385	2021-03-29 16:16:42	123	1	1	0
     5385	2021-03-30 07:02:06	123	0	1	0
     5385	2021-03-30 16:02:46	123	1	1	0
     5385	2021-03-31 07:05:33	123	0	1	0
     5385	2021-03-31 16:02:14	123	1	1	0
     5385	2021-04-01 07:09:38	123	0	1	0
     5385	2021-04-01 16:04:42	123	1	1	0
     5385	2021-04-04 06:57:22	123	0	1	0
     5385	2021-04-04 16:02:50	123	1	1	0
     5385	2021-04-05 07:04:40	123	0	1	0
     5385	2021-04-05 16:39:15	123	1	1	0
     5385	2021-04-06 07:07:34	123	0	1	0
     5385	2021-04-06 16:17:04	123	1	1	0
     5385	2021-04-07 07:18:46	123	0	1	0
     5385	2021-04-07 17:05:51	123	1	1	0
     5385	2021-04-08 07:18:57	123	0	1	0
     5385	2021-04-08 16:49:58	123	1	1	0
     5385	2021-04-11 07:07:47	123	0	1	0
     5385	2021-04-11 16:07:24	123	1	1	0
     5385	2021-04-12 07:07:25	123	0	1	0
     5385	2021-04-12 16:06:40	123	1	1	0
     5385	2021-04-13 07:49:52	123	0	1	0
     5385	2021-04-13 14:02:07	123	1	1	0
     5385	2021-04-14 07:52:46	123	0	1	0
     5385	2021-04-14 14:19:25	123	1	1	0
     5385	2021-04-15 07:34:12	123	0	1	0
     5385	2021-04-15 14:03:39	123	1	1	0
     5385	2021-04-18 07:55:43	123	0	1	0
     5385	2021-04-18 14:37:26	123	1	1	0
     5385	2021-04-19 07:51:19	123	0	1	0
     5385	2021-04-19 14:03:21	123	1	1	0
     5385	2021-04-20 07:25:13	123	0	1	0
     5385	2021-04-20 14:07:29	123	1	1	0
     5385	2021-04-21 07:47:04	123	0	1	0
     5385	2021-04-21 14:06:57	123	1	1	0
     5385	2021-04-22 07:31:25	123	0	1	0
     5385	2021-04-22 14:04:44	123	1	1	0
     5385	2021-04-25 08:36:56	123	0	1	0
     4470	2021-04-25 08:37:25	123	0	1	0
     5385	2021-04-25 14:06:57	123	1	1	0
     4470	2021-04-25 14:08:46	123	1	1	0
     4470	2021-04-26 08:24:51	123	0	1	0
     5385	2021-04-26 08:25:01	123	0	1	0
     4470	2021-04-26 14:03:40	123	1	1	0
     5385	2021-04-26 14:03:49	123	1	1	0
     4470	2021-04-27 08:25:39	123	0	1	0
     5385	2021-04-27 08:26:24	123	0	1	0
     4470	2021-04-27 14:03:24	123	1	1	0
     5385	2021-04-27 14:03:32	123	1	1	0
     4470	2021-04-28 08:39:59	123	0	1	0
     5385	2021-04-28 08:40:55	123	0	1	0
     5385	2021-04-28 14:04:58	123	1	1	0
     4470	2021-04-28 14:05:27	123	1	1	0
     4470	2021-04-29 08:27:51	123	0	1	0
     5385	2021-04-29 08:28:28	123	0	1	0
     5385	2021-04-29 14:04:57	123	1	1	0
     4470	2021-04-29 14:19:17	123	1	1	0
     5385	2021-05-02 08:03:37	123	0	1	0
     4470	2021-05-02 08:14:28	123	0	1	0
     5385	2021-05-02 14:05:52	123	1	1	0
     4470	2021-05-03 08:26:09	123	0	1	0
     5385	2021-05-03 08:26:42	123	0	1	0
     5385	2021-05-03 14:06:44	123	1	1	0
     4470	2021-05-03 14:16:27	123	1	1	0
     4470	2021-05-04 08:28:04	123	0	1	0
     5385	2021-05-04 08:29:13	123	0	1	0
     5385	2021-05-04 14:06:34	123	1	1	0
     4470	2021-05-04 14:11:12	123	1	1	0
     4470	2021-05-05 08:27:45	123	0	1	0
     5385	2021-05-05 08:28:19	123	0	1	0
     5385	2021-05-05 14:02:11	123	1	1	0
     4470	2021-05-05 14:03:51	123	1	1	0
     4470	2021-05-06 08:27:39	123	0	1	0
     5385	2021-05-06 08:28:16	123	0	1	0
     5385	2021-05-06 14:03:26	123	1	1	0
     4470	2021-05-06 14:07:11	123	1	1	0
     4470	2021-05-09 08:25:50	123	0	1	0
     5385	2021-05-09 08:26:34	123	0	1	0
     5385	2021-05-09 14:02:55	123	1	1	0
     4470	2021-05-09 14:04:11	123	1	1	0
     5385	2021-05-10 07:23:39	123	0	1	0
     5385	2021-05-10 14:00:31	123	1	1	0
     4470	2021-05-10 14:01:42	123	1	1	0
     4470	2021-05-16 07:42:08	123	0	1	0
     5385	2021-05-16 07:42:49	123	0	1	0
     4470	2021-05-16 16:02:01	123	1	1	0
     5385	2021-05-16 16:02:36	123	1	1	0
     5385	2021-05-17 07:43:56	123	0	1	0
     4470	2021-05-17 07:44:03	123	0	1	0
     5385	2021-05-17 16:01:13	123	1	1	0
     4470	2021-05-17 16:01:30	123	1	1	0
     5385	2021-05-18 07:04:43	123	0	1	0
     4470	2021-05-18 07:40:04	123	0	1	0
     4470	2021-05-18 16:03:38	123	1	1	0
     5385	2021-05-18 16:05:07	123	1	1	0
     5385	2021-05-19 07:09:03	123	0	1	0
     4470	2021-05-19 07:26:40	123	0	1	0
     5385	2021-05-19 16:05:28	123	1	1	0
     4470	2021-05-19 16:12:22	123	1	1	0
     5385	2021-05-20 07:15:58	123	0	1	0
     4470	2021-05-20 08:20:07	123	0	1	0
     4470	2021-05-20 15:51:20	123	1	1	0
     5385	2021-05-20 16:01:55	123	1	1	0
     4470	2021-05-23 07:27:28	123	0	1	0
     5385	2021-05-23 07:30:21	123	0	1	0
     5385	2021-05-23 16:05:38	123	1	1	0
     4470	2021-05-23 16:06:21	123	1	1	0
     4470	2021-05-24 07:41:35	123	0	1	0
     5385	2021-05-24 07:44:44	123	0	1	0
     4470	2021-05-24 16:02:50	123	1	1	0
     5385	2021-05-24 16:03:11	123	1	1	0
     4470	2021-05-25 07:24:56	123	0	1	0
     5385	2021-05-25 07:25:07	123	0	1	0
     5385	2021-05-25 16:05:57	123	1	1	0
     4470	2021-05-25 16:08:46	123	1	1	0
     5385	2021-05-26 07:19:11	123	0	1	0
     5385	2021-05-27 06:42:14	123	0	1	0
     5385	2021-05-27 16:05:35	123	1	1	0
     4470	2021-05-27 16:07:55	123	1	1	0
     4470	2021-05-30 07:27:15	123	0	1	0
     4470	2021-05-30 16:16:23	123	1	1	0
     4470	2021-05-31 07:25:35	123	0	1	0
     5385	2021-05-31 07:25:46	123	0	1	0
     4470	2021-05-31 16:02:12	123	1	1	0
     5385	2021-05-31 16:03:06	123	1	1	0
     5385	2021-06-01 07:16:32	123	0	1	0
     4470	2021-06-01 07:21:39	123	0	1	0
     4470	2021-06-01 16:02:28	123	1	1	0
     5385	2021-06-01 16:02:52	123	1	1	0
     5385	2021-06-02 07:23:31	123	0	1	0
     4470	2021-06-02 16:05:09	123	1	1	0
     5385	2021-06-02 16:05:18	123	1	1	0
     5385	2021-06-03 06:45:25	123	0	1	0
     4470	2021-06-03 07:40:30	123	0	1	0
     4470	2021-06-03 16:02:47	123	1	1	0
     5385	2021-06-03 16:03:29	123	1	1	0
     5385	2021-06-06 07:19:40	123	0	1	0
     4470	2021-06-06 07:22:25	123	0	1	0
     5385	2021-06-06 16:06:11	123	1	1	0
     4470	2021-06-06 16:12:53	123	1	1	0
     5385	2021-06-07 07:39:53	123	0	1	0
     4470	2021-06-07 07:40:39	123	0	1	0
     5385	2021-06-07 16:05:34	123	1	1	0
     4470	2021-06-07 16:09:16	123	1	1	0
     4470	2021-06-08 07:37:14	123	0	1	0
     5385	2021-06-08 07:37:23	123	0	1	0
     5385	2021-06-08 16:03:58	123	1	1	0
     4470	2021-06-08 16:06:13	123	1	1	0
     5385	2021-06-09 07:39:32	123	0	1	0
     4470	2021-06-09 07:39:53	123	0	1	0
     5385	2021-06-09 16:05:06	123	1	1	0
     4470	2021-06-09 16:05:56	123	1	1	0
     4470	2021-06-10 07:35:54	123	0	1	0
     5385	2021-06-10 07:36:04	123	0	1	0
     4470	2021-06-10 16:04:50	123	1	1	0
     5385	2021-06-10 16:06:00	123	1	1	0
     4470	2021-06-13 07:36:20	123	0	1	0
     5385	2021-06-13 07:36:33	123	0	1	0
     4470	2021-06-13 16:07:47	123	1	1	0
     5385	2021-06-13 16:07:53	123	1	1	0
     4470	2021-06-14 07:33:21	123	0	1	0
     5385	2021-06-14 07:33:28	123	0	1	0
     5385	2021-06-14 16:04:17	123	1	1	0
     4470	2021-06-14 16:07:32	123	1	1	0
     4470	2021-06-15 07:38:37	123	0	1	0
     5385	2021-06-15 07:38:45	123	0	1	0
     4470	2021-06-15 16:05:02	123	1	1	0
     5385	2021-06-15 16:05:39	123	1	1	0
     4470	2021-06-16 07:37:57	123	0	1	0
     5385	2021-06-16 07:38:12	123	0	1	0
     5385	2021-06-16 16:05:07	123	1	1	0
     4470	2021-06-16 16:07:59	123	1	1	0
     4470	2021-06-17 07:33:36	123	0	1	0
     5385	2021-06-17 07:33:43	123	0	1	0
     4470	2021-06-17 16:03:40	123	1	1	0
     5385	2021-06-17 16:04:43	123	1	1	0
     4470	2021-06-20 07:20:32	123	0	1	0
     5385	2021-06-20 07:20:44	123	0	1	0
     4470	2021-06-20 16:06:10	123	1	1	0
     5385	2021-06-20 16:06:16	123	1	1	0
     4470	2021-06-21 07:15:51	123	0	1	0
     5385	2021-06-21 07:16:05	123	0	1	0
     5385	2021-06-21 16:07:37	123	1	1	0
     4470	2021-06-21 16:12:48	123	1	1	0
     4470	2021-06-22 07:15:55	123	0	1	0
     5385	2021-06-22 16:07:56	123	1	1	0
     4470	2021-06-22 16:10:48	123	1	1	0
     4470	2021-06-23 07:38:41	123	0	1	0
     5385	2021-06-23 07:38:47	123	0	1	0
     4470	2021-06-23 16:06:23	123	1	1	0
     5385	2021-06-23 16:07:11	123	1	1	0
     4470	2021-06-24 07:34:12	123	0	1	0
     5385	2021-06-24 07:34:21	123	0	1	0
     5385	2021-06-24 16:08:07	123	1	1	0
     4470	2021-06-24 16:19:01	123	1	1	0
     4470	2021-06-27 07:42:30	123	0	1	0
     5385	2021-06-27 07:42:39	123	0	1	0
     5385	2021-06-27 17:00:06	123	1	1	0
     4470	2021-06-27 17:00:19	123	1	1	0
     5385	2021-06-28 08:05:01	123	0	1	0
     4470	2021-06-28 08:05:13	123	0	1	0
     5385	2021-06-28 16:06:11	123	1	1	0
     4470	2021-06-28 16:11:31	123	1	1	0
     4470	2021-06-29 07:37:11	123	0	1	0
     5385	2021-06-29 07:37:18	123	0	1	0
     4470	2021-06-29 16:05:05	123	1	1	0
     5385	2021-06-29 16:06:25	123	1	1	0
     5385	2021-06-30 07:02:06	123	0	1	0
     4470	2021-06-30 08:02:25	123	0	1	0
     4470	2021-06-30 16:07:24	123	1	1	0
     5385	2021-07-01 07:21:28	123	0	1	0
     4470	2021-07-01 07:21:42	123	0	1	0
     4470	2021-07-01 16:11:31	123	1	1	0
     5385	2021-07-01 16:11:49	123	1	1	0
     4470	2021-07-04 07:32:19	123	0	1	0
     5385	2021-07-04 16:06:48	123	1	1	0
     4470	2021-07-04 16:08:05	123	1	1	0
     5385	2021-07-05 07:49:09	123	0	1	0
     4470	2021-07-05 07:50:02	123	0	1	0
     4470	2021-07-05 16:03:58	123	1	1	0
     5385	2021-07-05 16:05:06	123	1	1	0
     5385	2021-07-06 07:29:58	123	0	1	0
     5385	2021-07-06 16:08:20	123	1	1	0
     4470	2021-07-07 07:43:23	123	0	1	0
     5385	2021-07-07 07:43:28	123	0	1	0
     4470	2021-07-07 16:03:38	123	1	1	0
     5385	2021-07-07 16:03:47	123	1	1	0
     5385	2021-07-08 07:01:11	123	0	1	0
     5385	2021-07-08 16:07:24	123	1	1	0
     4470	2021-07-08 16:09:20	123	1	1	0
     5385	2021-07-11 07:23:40	123	0	1	0
     5385	2021-07-11 16:04:41	123	1	1	0
     5385	2021-07-12 06:44:34	123	0	1	0
     5385	2021-07-12 16:05:40	123	1	1	0
     5385	2021-07-13 07:39:30	123	0	1	0
     5385	2021-07-13 16:10:24	123	1	1	0
     5385	2021-07-14 06:51:48	123	0	1	0
     5385	2021-07-14 16:17:14	123	1	1	0
     5385	2021-07-15 06:57:49	123	0	1	0
     5385	2021-07-15 16:11:29	123	1	1	0
     5385	2021-07-18 06:44:42	123	0	1	0
     5385	2021-07-25 07:10:38	123	0	1	0
     5385	2021-07-25 16:11:23	123	1	1	0
     5385	2021-07-26 06:42:27	123	0	1	0
     5385	2021-07-26 16:35:22	123	1	1	0
     5385	2021-07-27 07:00:34	123	0	1	0
     5385	2021-07-27 16:34:54	123	1	1	0
     5385	2021-07-28 06:34:21	123	0	1	0
     5385	2021-07-28 16:57:18	123	1	1	0
     5385	2021-07-29 06:24:58	123	0	1	0
     5385	2021-07-29 16:37:34	123	1	1	0
     5385	2021-08-01 16:27:13	123	1	1	0
     4470	2021-08-09 07:48:29	123	0	1	0
     4470	2021-08-09 16:05:21	123	1	1	0
     4470	2021-08-10 17:40:01	123	1	1	0
     4470	2021-08-11 16:07:24	123	1	1	0
     4470	2021-08-15 08:33:25	123	0	1	0
     4470	2021-08-15 16:32:57	123	1	1	0
     4470	2021-08-17 07:41:48	123	0	1	0
     4470	2021-08-17 16:11:59	123	1	1	0
     4470	2021-08-19 07:41:23	123	0	1	0
     4470	2021-08-19 16:13:00	123	1	1	0
     4470	2021-08-22 07:43:03	123	0	1	0
     4470	2021-08-22 16:25:11	123	1	1	0
     4470	2021-08-23 07:38:06	123	0	1	0
     4470	2021-08-23 16:29:34	123	1	1	0
     4470	2021-08-24 07:41:02	123	0	1	0
     4470	2021-08-25 07:46:26	123	0	1	0
     4470	2021-08-29 07:47:55	123	0	1	0
     5332	2021-09-30 07:49:30	123	0	1	0
     6320	2021-09-30 08:07:42	123	0	1	0
     5367	2021-09-30 08:09:31	123	0	1	0
     5487	2021-09-30 08:10:41	123	0	1	0
     5336	2021-09-30 08:11:04	123	0	1	0
     5363	2023-10-11 17:01:02	123	1	1	0
     5487	2023-10-11 17:12:39	123	0	1	0
     5487	2023-10-12 02:15:47	123	1	1	0
     5487	2023-10-12 02:20:20	123	0	1	0
     5363	2023-10-12 02:42:46	123	0	1	0
     5363	2023-10-12 10:10:37	123	1	1	0
     5487	2023-10-12 10:12:42	123	1	1	0
     5487	2023-10-12 10:42:28	123	0	1	0
     5363	2023-10-12 12:15:14	123	0	1	0
     5363	2023-10-12 19:45:18	123	0	1	0
     5363	2023-10-12 19:45:31	123	1	1	0
     5487	2023-10-12 19:45:51	123	1	1	0
     5487	2023-10-12 19:55:42	123	0	1	0
     5363	2023-10-12 20:33:07	123	0	1	0
     5363	2023-10-13 05:22:43	123	0	1	0
     5363	2023-10-13 05:22:50	123	1	1	0
     5487	2023-10-13 05:25:19	123	1	1	0
     5487	2023-10-13 05:31:49	123	0	1	0
     5363	2023-10-13 06:38:29	123	0	1	0
     5487	2023-10-13 14:53:45	123	1	1	0
     5363	2023-10-13 15:06:06	123	1	1	0
     5487	2023-10-13 16:12:01	123	0	1	0
     5487	2023-10-13 16:12:25	123	0	1	0
     5363	2023-10-13 16:50:33	123	0	1	0
     5487	2023-10-14 01:09:11	123	1	1	0
     5363	2023-10-14 01:13:46	123	1	1	0
     5487	2023-10-14 01:36:28	123	0	1	0
     5363	2023-10-14 02:46:10	123	0	1	0
     5363	2023-10-14 10:57:59	123	1	1	0
     5487	2023-10-14 11:01:34	123	1	1	0
     5487	2023-10-14 11:36:11	123	0	1	0
     5363	2023-10-14 11:49:20	123	0	1	0
     5363	2023-10-14 19:14:27	123	0	1	0
     5363	2023-10-14 19:14:40	123	1	1	0
     5487	2023-10-14 19:25:49	123	1	1	0
     5487	2023-10-14 19:38:28	123	0	1	0
     5487	2023-10-15 04:21:30	123	1	1	0
     5487	2023-10-15 04:32:00	123	0	1	0
     5363	2023-10-15 05:25:29	123	0	1	0
     5487	2023-10-15 13:53:11	123	1	1	0
     5363	2023-10-15 14:14:02	123	1	1	0
     5363	2023-10-15 14:21:52	123	0	1	0
     5487	2023-10-15 14:21:56	123	0	1	0
     5487	2023-10-15 23:29:49	123	1	1	0
     5363	2023-10-15 23:37:24	123	1	1	0
     5487	2023-10-16 00:13:40	123	0	1	0
     5363	2023-10-16 00:30:01	123	0	1	0
     5363	2023-10-16 09:10:06	123	1	1	0
     5487	2023-10-16 09:11:27	123	1	1	0
     5487	2023-10-16 09:32:59	123	0	1	0
     5363	2023-10-16 09:54:25	123	0	1	0
     5266	2023-10-16 13:56:17	123	0	1	0
     5487	2023-10-16 18:32:23	123	1	1	0
     5363	2023-10-16 18:33:10	123	1	1	0
     5487	2023-10-16 19:45:56	123	0	1	0
     5363	2023-10-16 21:15:08	123	0	1	0
     5487	2023-10-17 03:34:39	123	1	1	0
     5363	2023-10-17 03:46:18	123	1	1	0
     5487	2023-10-17 04:23:10	123	0	1	0
     5487	2023-10-17 12:58:54	123	1	1	0
     5487	2023-10-17 13:23:35	123	0	1	0
     5363	2023-10-17 14:53:03	123	0	1	0
     5487	2023-10-17 21:39:19	123	1	1	0
     5363	2023-10-17 22:54:43	123	1	1	0
     5363	2023-10-17 23:57:31	123	0	1	0
     5487	2023-10-18 08:22:42	123	1	1	0
     5363	2023-10-18 08:25:22	123	1	1	0
     5487	2023-10-18 09:08:43	123	0	1	0
     5363	2023-10-18 09:24:07	123	0	1	0
     5363	2023-10-18 17:57:13	123	1	1	0
     5487	2023-10-18 18:00:28	123	1	1	0
     5487	2023-10-18 18:41:10	123	0	1	0
     5363	2023-10-18 18:57:00	123	0	1	0
     5487	2023-10-19 03:28:20	123	1	1	0
     5363	2023-10-19 03:32:01	123	1	1	0
     5487	2023-10-19 04:36:24	123	0	1	0
     5363	2023-10-19 05:05:46	123	0	1	0
     5487	2023-10-19 11:31:52	123	1	1	0
     5363	2023-10-19 11:50:17	123	1	1	0
     5487	2023-10-19 12:57:32	123	0	1	0
     5487	2023-10-19 21:30:57	123	1	1	0
     5487	2023-10-19 22:16:57	123	0	1	0
     5363	2023-10-19 22:35:14	123	0	1	0
     5487	2023-10-20 07:12:19	123	1	1	0
     5363	2023-10-20 07:26:41	123	1	1	0
     5487	2023-10-20 07:42:47	123	0	1	0
     5363	2023-10-20 08:28:15	123	0	1	0
     5487	2023-10-20 16:36:08	123	1	1	0
     5363	2023-10-20 17:10:37	123	1	1	0
     5487	2023-10-20 17:55:41	123	0	1	0
     5363	2023-10-20 18:31:50	123	0	1	0
     5487	2023-10-21 02:59:18	123	1	1	0
     5363	2023-10-21 03:02:26	123	1	1	0
     5487	2023-10-21 03:23:09	123	0	1	0
     5363	2023-10-21 03:46:14	123	0	1	0
     5487	2023-10-21 12:24:37	123	1	1	0
     5363	2023-10-21 12:29:06	123	1	1	0
     5487	2023-10-21 13:15:43	123	1	1	0
     5487	2023-10-21 13:16:03	123	0	1	0
     5363	2023-10-21 13:58:38	123	0	1	0
     5487	2023-10-21 20:28:05	123	1	1	0
     5363	2023-10-21 21:39:19	123	1	1	0
     5487	2023-10-21 22:54:07	123	0	1	0
     5363	2023-10-21 23:45:24	123	0	1	0
     5487	2023-10-22 05:54:46	123	1	1	0
     5487	2023-10-22 07:54:49	123	0	1	0
     5487	2023-10-22 16:59:49	123	1	1	0
     5363	2023-10-22 17:00:50	123	1	1	0
     5487	2023-10-22 17:55:59	123	0	1	0
     5363	2023-10-22 18:24:32	123	0	1	0
     5487	2023-10-23 02:53:29	123	1	1	0
     5363	2023-10-23 03:24:32	123	1	1	0
     5487	2023-10-23 03:54:38	123	0	1	0
     5363	2023-10-23 05:17:57	123	0	1	0
     5487	2023-10-23 12:51:03	123	1	1	0
     5487	2023-10-23 14:06:08	123	0	1	0
     5487	2023-10-23 22:56:20	123	1	1	0
     5487	2023-10-24 00:24:51	123	0	1	0
     5487	2023-10-24 07:15:38	123	1	1	0
     5487	2023-10-24 09:25:10	123	0	1	0
     5487	2023-10-24 17:51:02	123	1	1	0
     5487	2023-10-24 18:16:53	123	0	1	0
     5363	2023-10-25 03:16:18	123	1	1	0
     5487	2023-10-25 03:47:56	123	0	1	0
     5487	2023-10-25 12:59:20	123	1	1	0
     5487	2023-10-25 13:18:59	123	0	1	0
     5336	2023-10-25 15:45:43	123	0	1	0
     5487	2023-10-25 22:59:01	123	0	1	0
     5363	2023-10-25 23:12:23	123	0	1	0
     5487	2023-10-26 07:46:08	123	1	1	0
     5487	2023-10-26 08:42:03	123	0	1	0
     5363	2023-10-26 09:10:16	123	0	1	0
     5363	2023-10-26 17:53:09	123	1	1	0
     5487	2023-10-26 17:53:52	123	1	1	0
     5487	2023-10-26 18:32:00	123	0	1	0
     5363	2023-10-26 18:53:22	123	0	1	0
     5487	2023-10-27 03:28:37	123	0	1	0
     5363	2023-10-27 04:08:32	123	0	1	0
     5363	2023-10-27 12:18:39	123	1	1	0
     5487	2023-10-27 12:37:25	123	1	1	0
     5363	2023-10-27 17:49:20	123	0	1	0
     5487	2023-10-28 01:14:22	123	0	1	0
     5487	2023-10-28 01:14:29	123	1	1	0
     5487	2023-10-28 02:02:30	123	0	1	0
     5363	2023-10-28 02:19:55	123	0	1	0
     5363	2023-10-28 11:05:43	123	1	1	0
     5487	2023-10-28 15:26:21	123	0	1	0
     5363	2023-10-28 15:54:46	123	0	1	0
     5363	2023-10-29 00:33:41	123	1	1	0
     5487	2023-10-29 03:03:48	123	0	1	0
     5512	2023-12-09 11:40:01	123	0	1	0
     5512	2023-12-09 17:06:28	123	1	1	0
     5512	2023-12-09 17:54:52	123	0	1	0
     5336	2023-12-09 19:30:41	123	0	1	0
     5512	2023-12-10 02:57:43	123	0	1	0
     5512	2023-12-10 04:15:55	123	0	1	0
     5512	2023-12-10 14:06:34	123	0	1	0
     5528	2023-12-13 12:03:10	123	0	1	0
     5512	2023-12-13 17:07:11	123	0	1	0
     5528	2023-12-13 17:18:47	123	0	1	0
     5512	2023-12-13 18:47:33	123	0	1	0
     5528	2023-12-13 18:57:36	123	0	1	0
     5528	2023-12-14 03:40:29	123	0	1	0
     5528	2023-12-14 03:40:30	123	0	1	0
     5512	2023-12-14 03:44:08	123	0	1	0
     5528	2023-12-14 04:17:31	123	0	1	0
     5512	2023-12-14 04:44:27	123	0	1	0
     5512	2023-12-14 13:57:38	123	0	1	0
     5528	2023-12-14 14:04:13	123	0	1	0
     5528	2023-12-14 14:05:32	123	0	1	0
     5512	2023-12-14 14:43:37	123	0	1	0
     5487	2023-12-14 16:17:26	123	0	1	0
     5512	2023-12-14 23:56:35	123	0	1	0
     5528	2023-12-15 00:01:20	123	0	1	0
     5528	2023-12-15 00:52:44	123	0	1	0
     5487	2023-12-15 01:11:58	123	0	1	0
     5512	2023-12-15 01:12:59	123	0	1	0
     5487	2023-12-15 10:11:02	123	1	1	0
     5512	2023-12-15 10:11:31	123	1	1	0
     5528	2023-12-15 10:17:50	123	0	1	0
     5512	2023-12-15 11:08:17	123	0	1	0
     5528	2023-12-15 11:13:56	123	0	1	0
     5487	2023-12-15 11:15:08	123	0	1	0
     5487	2023-12-15 20:07:46	123	1	1	0
     5512	2023-12-15 20:15:19	123	1	1	0
     5528	2023-12-15 20:27:28	123	1	1	0
     5528	2023-12-15 20:28:42	123	0	1	0
     5512	2023-12-15 21:16:47	123	0	1	0
     5487	2023-12-15 21:20:57	123	0	1	0
     5528	2023-12-16 06:11:17	123	0	1	0
     5512	2023-12-16 06:12:59	123	0	1	0
     5487	2023-12-16 06:20:37	123	1	1	0
     5528	2023-12-16 06:21:42	123	0	1	0
     5512	2023-12-16 07:08:36	123	0	1	0
     5487	2023-12-16 07:09:22	123	0	1	0
     5336	2023-12-16 09:19:44	123	0	1	0
     5512	2023-12-16 16:09:07	123	0	1	0
     5487	2023-12-16 16:16:15	123	1	1	0
     5528	2023-12-16 16:17:05	123	1	1	0
     5528	2023-12-16 16:56:33	123	1	1	0
     5512	2023-12-16 17:45:27	123	0	1	0
     5528	2023-12-16 17:48:38	123	0	1	0
     5487	2023-12-16 17:54:46	123	0	1	0
     5487	2023-12-17 02:38:58	123	1	1	0
     5512	2023-12-17 02:41:12	123	1	1	0
     5528	2023-12-17 02:43:17	123	1	1	0
     5512	2023-12-17 03:39:23	123	0	1	0
     5528	2023-12-17 03:43:54	123	0	1	0
     5487	2023-12-17 04:16:07	123	0	1	0
     5487	2023-12-17 12:18:59	123	1	1	0
     5528	2023-12-17 12:39:38	123	1	1	0
     5512	2023-12-17 13:43:17	123	0	1	0
     5528	2023-12-17 13:44:40	123	0	1	0
     5487	2023-12-17 13:49:16	123	0	1	0
     5512	2023-12-17 22:10:40	123	0	1	0
     5512	2023-12-17 22:10:59	123	1	1	0
     5487	2023-12-17 22:21:38	123	1	1	0
     5528	2023-12-17 22:28:43	123	1	1	0
     5487	2023-12-17 23:02:20	123	0	1	0
     5512	2023-12-17 23:09:04	123	0	1	0
     5528	2023-12-17 23:39:21	123	0	1	0
     5487	2023-12-18 08:04:54	123	1	1	0
     5512	2023-12-18 08:06:14	123	1	1	0
     5528	2023-12-18 08:07:14	123	1	1	0
     5528	2023-12-18 08:08:34	123	0	1	0
     5512	2023-12-18 08:10:09	123	0	1	0
     5487	2023-12-18 08:11:51	123	0	1	0
     5512	2023-12-18 17:11:31	123	1	1	0
     5487	2023-12-18 17:15:07	123	1	1	0
     5528	2023-12-18 17:17:23	123	1	1	0
     5528	2023-12-18 17:18:36	123	0	1	0
     5487	2023-12-18 17:31:39	123	0	1	0
     5512	2023-12-18 17:51:55	123	0	1	0
     5487	2023-12-19 02:08:54	123	1	1	0
     5528	2023-12-19 02:43:49	123	1	1	0
     5528	2023-12-19 02:54:09	123	0	1	0
     5487	2023-12-19 03:45:55	123	0	1	0
     5512	2023-12-19 03:56:09	123	0	1	0
     5512	2023-12-19 12:49:28	123	1	1	0
     5487	2023-12-19 12:58:47	123	1	1	0
     5528	2023-12-19 13:01:07	123	1	1	0
     5512	2023-12-19 13:53:14	123	0	1	0
     5487	2023-12-19 14:03:06	123	0	1	0
     5512	2023-12-19 22:53:54	123	1	1	0
     5487	2023-12-19 22:57:58	123	1	1	0
     5487	2023-12-19 23:16:24	123	0	1	0
     5512	2023-12-19 23:28:36	123	0	1	0
     5512	2023-12-20 08:30:56	123	1	1	0
     5487	2023-12-20 08:31:02	123	1	1	0
     5512	2023-12-20 10:01:19	123	0	1	0
     5487	2023-12-20 10:06:05	123	0	1	0
     5512	2023-12-20 19:02:13	123	1	1	0
     5487	2023-12-20 19:07:23	123	1	1	0
     5487	2023-12-20 19:48:18	123	0	1	0
     5512	2023-12-20 19:52:25	123	0	1	0
     5336	2023-12-21 04:50:40	123	1	1	0
     5512	2023-12-21 04:53:12	123	1	1	0
     5487	2023-12-21 05:10:14	123	1	1	0
     5512	2023-12-21 08:19:44	123	0	1	0
     5487	2023-12-21 08:26:42	123	0	1	0
     5512	2023-12-21 16:07:16	123	0	1	0
     5512	2023-12-21 16:07:32	123	1	1	0
     5512	2023-12-21 17:00:50	123	0	1	0
     5487	2023-12-21 17:27:30	123	0	1	0
     5512	2023-12-22 02:06:32	123	1	1	0
     5487	2023-12-22 03:10:49	123	0	1	0
     5512	2023-12-22 03:11:46	123	0	1	0
     5336	2023-12-22 05:21:13	123	0	1	0
     5512	2023-12-22 12:17:00	123	1	1	0
     5336	2023-12-22 12:19:11	123	1	1	0
     5487	2023-12-22 14:05:36	123	1	1	0
     5487	2023-12-22 14:14:42	123	0	1	0
     5512	2023-12-22 14:56:05	123	0	1	0
     5487	2023-12-22 23:56:14	123	1	1	0
     5512	2023-12-22 23:56:53	123	1	1	0
     5528	2023-12-22 23:58:59	123	0	1	0
     5487	2023-12-23 00:57:11	123	0	1	0
     5512	2023-12-23 00:57:22	123	0	1	0
     5487	2023-12-23 09:35:49	123	1	1	0
     5512	2023-12-23 09:55:49	123	1	1	0
     5487	2023-12-23 09:59:15	123	0	1	0
     5528	2023-12-23 10:06:09	123	0	1	0
     5512	2023-12-23 10:41:23	123	0	1	0
     5336	2023-12-23 12:47:30	123	0	1	0
     5528	2023-12-23 19:43:01	123	0	1	0
     5528	2023-12-23 19:43:18	123	1	1	0
     5512	2023-12-23 19:47:09	123	1	1	0
     5487	2023-12-23 20:01:34	123	1	1	0
     5528	2023-12-23 20:15:23	123	0	1	0
     5487	2023-12-23 20:45:49	123	0	1	0
     5512	2023-12-23 20:55:39	123	0	1	0
     5512	2023-12-24 06:00:30	123	1	1	0
     5528	2023-12-24 06:07:41	123	1	1	0
     5487	2023-12-24 06:11:48	123	1	1	0
     5528	2023-12-24 06:17:00	123	0	1	0
     5512	2023-12-24 07:07:24	123	0	1	0
     5487	2023-12-24 07:46:15	123	0	1	0
     5528	2023-12-24 16:02:38	123	1	1	0
     5487	2023-12-24 16:04:09	123	1	1	0
     5512	2023-12-24 16:06:00	123	1	1	0
     5487	2023-12-24 16:11:43	123	0	1	0
     5528	2023-12-24 16:11:53	123	0	1	0
     5512	2023-12-24 17:03:34	123	0	1	0
     5336	2023-12-24 21:57:41	123	0	1	0
     5487	2023-12-25 01:06:29	123	0	1	0
     5487	2023-12-25 01:06:43	123	1	1	0
     5512	2023-12-25 02:06:32	123	1	1	0
     5528	2023-12-25 02:08:26	123	1	1	0
     5528	2023-12-25 04:25:37	123	0	1	0
     5512	2023-12-25 05:10:23	123	0	1	0
     5487	2023-12-25 05:27:16	123	0	1	0
     5528	2023-12-25 13:59:06	123	1	1	0
     5512	2023-12-25 14:05:34	123	1	1	0
     5487	2023-12-25 14:51:08	123	1	1	0
     5528	2023-12-25 14:52:46	123	0	1	0
     5487	2023-12-25 15:39:46	123	0	1	0
     5512	2023-12-25 15:40:13	123	0	1	0
     5487	2023-12-26 00:33:08	123	1	1	0
     5528	2023-12-26 00:37:39	123	1	1	0
     5512	2023-12-26 00:38:29	123	1	1	0
     5528	2023-12-26 00:40:31	123	0	1	0
     5487	2023-12-26 01:16:38	123	0	1	0
     5512	2023-12-26 01:23:31	123	0	1	0
     5512	2023-12-26 10:22:16	123	1	1	0
     5487	2023-12-26 10:39:36	123	1	1	0
     5528	2023-12-26 10:55:47	123	1	1	0
     5487	2023-12-26 11:54:48	123	0	1	0
     5528	2023-12-26 11:56:56	123	0	1	0
     5512	2023-12-26 12:46:37	123	0	1	0
     5487	2023-12-26 20:48:34	123	1	1	0
     5512	2023-12-26 21:43:08	123	1	1	0
     5528	2023-12-26 22:26:21	123	1	1	0
     5528	2023-12-26 22:39:14	123	0	1	0
     5512	2023-12-26 22:51:43	123	0	1	0
     5512	2023-12-27 06:18:06	123	1	1	0
     5487	2023-12-27 08:30:51	123	1	1	0
     5528	2023-12-27 08:34:28	123	1	1	0
     5528	2023-12-27 08:44:53	123	0	1	0
     5487	2023-12-27 09:35:47	123	0	1	0
     5512	2023-12-27 09:35:58	123	0	1	0
     5487	2023-12-27 18:14:04	123	1	1	0
     5512	2023-12-27 18:23:42	123	1	1	0
     5528	2023-12-27 18:25:41	123	1	1	0
     5528	2023-12-27 18:34:57	123	0	1	0
     5512	2023-12-27 19:22:18	123	0	1	0
     5487	2023-12-27 19:24:41	123	0	1	0
     5487	2023-12-28 04:07:24	123	1	1	0
     5512	2023-12-28 04:17:06	123	1	1	0
     5528	2023-12-28 04:42:35	123	1	1	0
     5528	2023-12-28 04:47:25	123	0	1	0
     5512	2023-12-28 05:28:15	123	0	1	0
     5487	2023-12-28 05:43:49	123	0	1	0
     5487	2023-12-28 14:24:22	123	1	1	0
     5528	2023-12-28 14:44:54	123	1	1	0
     5528	2023-12-28 15:25:12	123	0	1	0
     5487	2023-12-28 15:29:07	123	0	1	0
     5512	2023-12-28 15:32:30	123	0	1	0
     5487	2023-12-29 00:22:29	123	1	1	0
     5528	2023-12-29 00:22:54	123	1	1	0
     5512	2023-12-29 00:29:25	123	1	1	0
     5528	2023-12-29 01:17:14	123	1	1	0
     5528	2023-12-29 01:17:24	123	0	1	0
     5487	2023-12-29 01:39:42	123	0	1	0
     5512	2023-12-29 01:41:11	123	0	1	0
     5528	2023-12-29 10:33:21	123	1	1	0
     5512	2023-12-29 10:37:39	123	1	1	0
     5528	2023-12-29 11:07:46	123	0	1	0
     5512	2023-12-29 11:37:03	123	0	1	0
     5512	2023-12-29 20:30:32	123	1	1	0
     5528	2023-12-29 20:48:43	123	1	1	0
     5487	2023-12-29 21:00:02	123	0	1	0
     5528	2023-12-29 21:15:54	123	0	1	0
     5512	2023-12-29 21:35:26	123	0	1	0
     5487	2023-12-30 05:50:35	123	1	1	0
     5512	2023-12-30 06:33:34	123	1	1	0
     5528	2023-12-30 06:48:25	123	1	1	0
     5528	2023-12-30 08:15:33	123	0	1	0
     5487	2023-12-30 08:18:20	123	0	1	0
     5512	2023-12-30 08:40:02	123	0	1	0
     5487	2023-12-30 17:07:37	123	1	1	0
     5512	2023-12-30 17:35:10	123	1	1	0
     5528	2023-12-30 17:49:42	123	1	1	0
     5528	2023-12-30 17:59:49	123	0	1	0
     5487	2023-12-30 18:23:20	123	0	1	0
     5512	2023-12-30 18:37:12	123	0	1	0
     5487	2023-12-31 03:24:57	123	1	1	0
     5512	2023-12-31 03:26:43	123	1	1	0
     5528	2023-12-31 03:30:10	123	1	1	0
     5528	2023-12-31 03:35:11	123	0	1	0
     5487	2023-12-31 04:01:48	123	0	1	0
     5512	2023-12-31 04:07:54	123	0	1	0
     5487	2023-12-31 12:41:25	123	1	1	0
     5512	2023-12-31 13:04:49	123	1	1	0
     5528	2023-12-31 13:08:42	123	1	1	0
     5528	2023-12-31 13:08:44	123	1	1	0
     5528	2023-12-31 13:13:08	123	0	1	0
     5512	2023-12-31 13:33:42	123	0	1	0
     5487	2023-12-31 13:35:09	123	0	1	0
     5528	2023-12-31 22:26:07	123	1	1	0
     5487	2023-12-31 22:26:23	123	1	1	0
     5512	2023-12-31 22:39:09	123	1	1	0
     5528	2023-12-31 23:03:32	123	0	1	0
     5512	2023-12-31 23:31:21	123	0	1	0
     5487	2023-12-31 23:56:39	123	0	1	0
     5487	2024-01-01 08:17:56	123	1	1	0
     5512	2024-01-01 08:25:04	123	1	1	0
     5528	2024-01-01 08:26:29	123	1	1	0
     5528	2024-01-01 08:26:30	123	1	1	0
     5487	2024-01-01 08:33:49	123	0	1	0
     5528	2024-01-01 08:52:23	123	0	1	0
     5512	2024-01-01 09:10:40	123	0	1	0
     5487	2024-01-01 17:58:00	123	1	1	0
     5512	2024-01-01 18:11:52	123	1	1	0
     5528	2024-01-01 18:14:47	123	1	1	0
     5528	2024-01-01 18:33:35	123	0	1	0
     5487	2024-01-01 18:47:06	123	0	1	0
     5512	2024-01-01 18:55:26	123	0	1	0
     5528	2024-01-02 04:05:47	123	1	1	0
     5528	2024-01-02 04:08:16	123	0	1	0
     5528	2024-01-02 14:06:18	123	1	1	0
     5528	2024-01-02 14:08:45	123	0	1	0
     5528	2024-01-03 00:13:44	123	1	1	0
     5528	2024-01-03 00:23:07	123	0	1	0
     5528	2024-01-03 10:14:09	123	1	1	0
     5528	2024-01-03 10:18:40	123	0	1	0
     5487	2024-01-03 10:58:42	123	0	1	0
     5528	2024-01-03 20:11:41	123	1	1	0
     5528	2024-01-04 04:23:30	123	1	1	0
     5528	2024-01-04 04:30:40	123	0	1	0
     5528	2024-01-04 14:08:41	123	1	1	0
     5528	2024-01-04 14:50:09	123	0	1	0
     5487	2024-01-04 15:19:20	123	0	1	0
     5528	2024-01-05 00:30:37	123	1	1	0
     5528	2024-01-05 00:33:55	123	0	1	0
     5528	2024-01-05 10:32:13	123	1	1	0
     5528	2024-01-05 10:34:46	123	0	1	0
     5528	2024-01-05 20:17:21	123	1	1	0
     5528	2024-01-05 20:19:33	123	0	1	0
     5528	2024-01-06 05:58:37	123	1	1	0
     5528	2024-01-06 06:01:29	123	0	1	0
     5487	2024-01-06 06:36:44	123	0	1	0
     5528	2024-01-06 15:48:23	123	0	1	0
     5528	2024-01-07 01:19:20	123	1	1	0
     5528	2024-01-07 01:34:52	123	0	1	0
     5528	2024-01-07 11:05:46	123	0	1	0
     5528	2024-01-07 11:05:53	123	1	1	0
     5528	2024-01-07 11:10:35	123	0	1	0
     5528	2024-01-07 20:56:57	123	1	1	0
     5528	2024-01-07 21:33:49	123	0	1	0
     5528	2024-01-08 07:27:22	123	1	1	0
     5528	2024-01-08 07:29:59	123	0	1	0
     5528	2024-01-08 15:18:34	123	1	1	0
     5528	2024-01-08 15:27:15	123	0	1	0
     5487	2024-01-08 16:21:33	123	0	1	0
     5528	2024-01-09 01:03:32	123	1	1	0
     5528	2024-01-09 01:14:24	123	0	1	0
     5528	2024-01-09 11:22:03	123	0	1	0
     5528	2024-01-09 11:22:21	123	1	1	0
     5528	2024-01-09 11:36:15	123	0	1	0
     5528	2024-01-09 21:32:48	123	1	1	0
     5528	2024-01-09 21:55:35	123	0	1	0
     5548	2024-02-29 13:51:00	123	0	1	0
     5528	2024-02-29 17:15:28	123	1	1	0
     5548	2024-02-29 17:18:25	123	1	1	0
     5528	2024-02-29 17:34:35	123	0	1	0
     5546	2024-02-29 17:51:53	123	0	1	0
     5548	2024-02-29 18:02:17	123	0	1	0
     5528	2024-03-01 03:21:28	123	1	1	0
     5546	2024-03-01 03:28:41	123	1	1	0
     5548	2024-03-01 03:32:32	123	1	1	0
     5528	2024-03-01 03:40:45	123	0	1	0
     5546	2024-03-01 03:55:17	123	0	1	0
     5548	2024-03-01 04:54:48	123	0	1	0
     5548	2024-03-01 13:15:47	123	1	1	0
     5528	2024-03-01 13:18:23	123	0	1	0
     5546	2024-03-01 13:37:54	123	0	1	0
     5548	2024-03-01 14:04:28	123	0	1	0
     5528	2024-03-01 22:32:09	123	1	1	0
     5546	2024-03-01 22:45:46	123	1	1	0
     5528	2024-03-01 22:49:14	123	0	1	0
     5548	2024-03-01 22:59:35	123	0	1	0
     5546	2024-03-01 23:08:38	123	0	1	0
     5546	2024-03-02 07:26:30	123	0	1	0
     5546	2024-03-02 07:27:05	123	1	1	0
     5528	2024-03-02 07:28:18	123	1	1	0
     5528	2024-03-02 07:39:54	123	0	1	0
     5546	2024-03-02 07:48:47	123	0	1	0
     5548	2024-03-02 08:08:31	123	0	1	0
     5528	2024-03-02 16:54:18	123	1	1	0
     5546	2024-03-02 17:31:28	123	1	1	0
     5548	2024-03-02 17:43:32	123	1	1	0
     5528	2024-03-02 17:52:07	123	0	1	0
     5546	2024-03-02 18:10:30	123	0	1	0
     5548	2024-03-02 18:29:48	123	0	1	0
     5528	2024-03-03 03:41:59	123	1	1	0
     5546	2024-03-03 03:43:27	123	1	1	0
     5548	2024-03-03 03:55:00	123	1	1	0
     5528	2024-03-03 04:11:42	123	0	1	0
     5546	2024-03-03 04:31:33	123	0	1	0
     5548	2024-03-03 04:44:21	123	0	1	0
     5546	2024-03-03 13:48:44	123	0	1	0
     5548	2024-03-03 14:02:54	123	1	1	0
     5528	2024-03-03 14:15:18	123	1	1	0
     5528	2024-03-03 14:19:00	123	0	1	0
     5546	2024-03-03 14:34:51	123	0	1	0
     5548	2024-03-03 19:25:59	123	0	1	0
     5528	2024-03-03 21:19:59	123	0	1	0
     5548	2024-03-03 21:21:16	123	0	1	0
     5546	2024-03-03 21:45:13	123	0	1	0
     5528	2024-03-04 01:25:54	123	1	1	0
     5528	2024-03-04 01:32:46	123	1	1	0
     5528	2024-03-04 02:01:02	123	0	1	0
     5548	2024-03-04 02:11:07	123	0	1	0
     5546	2024-03-04 02:21:46	123	0	1	0
     5528	2024-03-04 07:24:33	123	1	1	0
     5546	2024-03-04 07:25:13	123	1	1	0
     5548	2024-03-04 08:29:04	123	0	1	0
     5528	2024-03-04 08:31:22	123	0	1	0
     5546	2024-03-04 08:48:35	123	0	1	0
     5528	2024-03-04 13:26:58	123	1	1	0
     5546	2024-03-04 13:31:17	123	1	1	0
     5548	2024-03-04 14:26:07	123	1	1	0
     5528	2024-03-04 14:29:50	123	0	1	0
     5548	2024-03-04 14:31:44	123	0	1	0
     5546	2024-03-04 15:05:05	123	0	1	0
     5546	2024-03-04 19:48:19	123	0	1	0
     5548	2024-03-04 20:46:10	123	1	1	0
     5528	2024-03-04 20:48:00	123	0	1	0
     5548	2024-03-04 20:50:23	123	0	1	0
     5546	2024-03-04 21:21:37	123	0	1	0
     5546	2024-03-05 02:01:56	123	0	1	0
     5548	2024-03-05 04:02:26	123	1	1	0
     5528	2024-03-05 04:02:32	123	1	1	0
     5528	2024-03-05 04:03:56	123	1	1	0
     5528	2024-03-05 04:04:04	123	0	1	0
     5546	2024-03-05 04:24:21	123	0	1	0
     5548	2024-03-05 04:39:29	123	0	1	0
     5528	2024-03-05 08:48:51	123	1	1	0
     5548	2024-03-05 10:41:01	123	1	1	0
     5528	2024-03-05 10:42:08	123	0	1	0
     5548	2024-03-05 10:44:57	123	0	1	0
     5546	2024-03-05 10:48:58	123	0	1	0
     5528	2024-03-05 15:25:56	123	1	1	0
     5546	2024-03-05 15:36:11	123	1	1	0
     5548	2024-03-05 17:54:42	123	1	1	0
     5528	2024-03-05 17:55:48	123	0	1	0
     5546	2024-03-05 18:12:41	123	0	1	0
     5548	2024-03-05 18:18:12	123	0	1	0
     5528	2024-03-05 23:14:08	123	1	1	0
     5546	2024-03-05 23:20:10	123	1	1	0
     5548	2024-03-06 00:24:20	123	1	1	0
     5528	2024-03-06 00:25:33	123	0	1	0
     5546	2024-03-06 00:46:08	123	0	1	0
     5548	2024-03-06 01:35:53	123	0	1	0
     5546	2024-03-06 05:44:30	123	0	1	0
     5546	2024-03-06 05:44:42	123	1	1	0
     5548	2024-03-06 07:16:02	123	1	1	0
     5528	2024-03-06 07:19:18	123	0	1	0
     5546	2024-03-06 07:37:19	123	0	1	0
     5548	2024-03-06 08:26:25	123	0	1	0
     5546	2024-03-06 13:30:43	123	0	1	0
     5528	2024-03-06 14:14:32	123	1	1	0
     5548	2024-03-06 14:14:41	123	1	1	0
     5528	2024-03-06 14:16:17	123	0	1	0
     5546	2024-03-06 14:26:23	123	0	1	0
     5548	2024-03-06 15:26:47	123	0	1	0
     5546	2024-03-06 19:38:58	123	1	1	0
     5548	2024-03-06 21:28:37	123	1	1	0
     5528	2024-03-06 21:30:33	123	0	1	0
     5546	2024-03-06 21:46:06	123	0	1	0
     5548	2024-03-06 22:36:47	123	0	1	0
     5528	2024-03-07 02:37:30	123	1	1	0
     5546	2024-03-07 02:42:43	123	1	1	0
     5548	2024-03-07 04:32:30	123	1	1	0
     5528	2024-03-07 04:34:40	123	0	1	0
     5546	2024-03-07 04:45:27	123	0	1	0
     5548	2024-03-07 05:53:19	123	0	1	0
     5528	2024-03-07 09:42:42	123	1	1	0
     5546	2024-03-07 09:45:31	123	1	1	0
     5548	2024-03-07 12:32:44	123	1	1	0
     5546	2024-03-07 12:56:00	123	0	1	0
     5528	2024-03-07 13:31:43	123	0	1	0
     5548	2024-03-07 14:24:40	123	0	1	0
     5528	2024-03-07 17:09:06	123	1	1	0
     5546	2024-03-07 17:14:34	123	1	1	0
     5528	2024-03-07 19:11:16	123	0	1	0
     5546	2024-03-07 19:34:42	123	0	1	0
     5548	2024-03-07 20:21:37	123	0	1	0
     5546	2024-03-08 01:49:31	123	0	1	0
     5546	2024-03-08 01:49:54	123	1	1	0
     5548	2024-03-08 02:18:33	123	1	1	0
     5528	2024-03-08 02:18:40	123	1	1	0
     5528	2024-03-08 02:21:06	123	0	1	0
     5546	2024-03-08 02:38:23	123	0	1	0
     5548	2024-03-08 04:01:06	123	0	1	0
     5528	2024-03-08 07:18:29	123	1	1	0
     5546	2024-03-08 07:19:29	123	1	1	0
     5546	2024-03-08 07:27:23	123	0	1	0
     5528	2024-03-08 07:33:35	123	0	1	0
     5546	2024-03-08 12:34:28	123	1	1	0
     5528	2024-03-08 12:36:50	123	1	1	0
     5546	2024-03-08 14:24:53	123	0	1	0
     5528	2024-03-08 14:38:04	123	0	1	0
     5546	2024-03-08 14:41:35	123	0	1	0
     5548	2024-03-08 16:16:37	123	0	1	0
     5546	2024-03-08 19:38:51	123	1	1	0
     5528	2024-03-08 19:41:35	123	1	1	0
     5548	2024-03-08 21:19:35	123	1	1	0
     5528	2024-03-08 21:21:03	123	0	1	0
     5546	2024-03-08 21:26:05	123	0	1	0
     5548	2024-03-08 23:15:20	123	0	1	0
     5528	2024-03-09 02:22:50	123	1	1	0
     5548	2024-03-09 04:53:32	123	1	1	0
     5546	2024-03-09 05:02:52	123	0	1	0
     5528	2024-03-09 05:03:43	123	0	1	0
     5546	2024-03-09 05:10:14	123	0	1	0
     5548	2024-03-09 07:07:19	123	0	1	0
     5528	2024-03-09 10:01:53	123	1	1	0
     5546	2024-03-09 10:11:59	123	1	1	0
     5548	2024-03-09 11:51:56	123	1	1	0
     5546	2024-03-09 11:54:11	123	0	1	0
     5528	2024-03-09 11:59:18	123	0	1	0
     5548	2024-03-09 13:04:14	123	0	1	0
     5528	2024-03-09 16:57:46	123	1	1	0
     5548	2024-03-09 20:21:21	123	1	1	0
     5546	2024-03-09 20:26:13	123	0	1	0
     5528	2024-03-09 20:28:38	123	0	1	0
     5548	2024-03-09 22:22:14	123	0	1	0
     5546	2024-03-10 01:42:20	123	1	1	0
     5548	2024-03-10 03:51:42	123	1	1	0
     5528	2024-03-10 03:55:32	123	0	1	0
     5546	2024-03-10 04:17:40	123	0	1	0
     5548	2024-03-10 05:38:17	123	0	1	0
     5528	2024-03-10 08:57:14	123	1	1	0
     5548	2024-03-10 11:58:18	123	1	1	0
     5528	2024-03-10 12:00:43	123	0	1	0
     5546	2024-03-10 12:15:20	123	0	1	0
     5546	2024-03-10 17:15:27	123	1	1	0
     5528	2024-03-10 17:54:26	123	1	1	0
     5528	2024-03-10 17:57:33	123	1	1	0
     5548	2024-03-10 18:18:08	123	1	1	0
     5528	2024-03-10 18:21:46	123	0	1	0
     5546	2024-03-10 18:32:03	123	0	1	0
     5548	2024-03-10 21:20:28	123	0	1	0
     5548	2024-03-11 04:00:22	123	1	1	0
     5528	2024-03-11 04:20:29	123	1	1	0
     5546	2024-03-11 04:22:40	123	1	1	0
     5528	2024-03-11 04:24:39	123	0	1	0
     5548	2024-03-11 04:49:06	123	0	1	0
     5546	2024-03-11 13:00:30	123	1	1	0
     5528	2024-03-11 13:09:49	123	1	1	0
     5528	2024-03-11 13:10:41	123	0	1	0
     5528	2024-03-11 13:19:27	123	0	1	0
     5546	2024-03-11 20:25:06	123	1	1	0
     5528	2024-03-11 20:48:33	123	1	1	0
     5528	2024-03-11 21:01:17	123	0	1	0
     5517	2024-04-19 07:49:24	123	0	1	0
     5522	2024-04-19 07:50:21	123	0	1	0
     4890	2024-04-19 07:51:22	123	0	1	0
     5511	2024-04-19 07:52:42	123	0	1	0
     5567	2024-04-19 07:54:28	123	0	1	0
     5518	2024-04-19 07:55:05	123	0	1	0
     5546	2024-04-19 08:05:25	123	0	1	0
     5512	2024-04-19 08:39:12	123	0	1	0
     5567	2024-04-19 16:53:40	123	0	1	0
     5567	2024-04-19 16:53:53	123	1	1	0
     5567	2024-04-19 16:53:55	123	1	1	0
     5546	2024-04-19 16:55:00	123	1	1	0
     5518	2024-04-19 16:57:13	123	1	1	0
     5512	2024-04-19 16:57:37	123	1	1	0
     5522	2024-04-19 16:57:43	123	1	1	0
     5518	2024-04-19 16:57:47	123	1	1	0
     5517	2024-04-19 16:58:03	123	1	1	0
     5518	2024-04-19 16:58:09	123	1	1	0
     5511	2024-04-19 16:58:16	123	1	1	0
     4890	2024-04-19 16:58:22	123	1	1	0
     5528	2024-04-19 17:41:54	123	1	1	0
     5548	2024-04-19 17:42:56	123	1	1	0
     5528	2024-04-19 17:55:39	123	0	1	0
     4890	2024-04-19 18:18:21	123	0	1	0
     5546	2024-04-19 18:22:51	123	0	1	0
     5518	2024-04-19 18:30:39	123	0	1	0
     5518	2024-04-19 18:30:41	123	0	1	0
     5517	2024-04-19 18:31:05	123	0	1	0
     5522	2024-04-19 18:31:09	123	0	1	0
     5567	2024-04-19 18:46:45	123	0	1	0
     5512	2024-04-19 18:51:32	123	0	1	0
     5548	2024-04-19 19:51:48	123	0	1	0
     5567	2024-04-20 01:56:09	123	1	1	0
     4890	2024-04-20 01:58:32	123	1	1	0
     5548	2024-04-20 02:25:28	123	1	1	0
     5528	2024-04-20 02:48:10	123	1	1	0
     5528	2024-04-20 03:09:54	123	0	1	0
     5528	2024-04-20 03:09:56	123	0	1	0
     5546	2024-04-20 03:39:37	123	0	1	0
     5548	2024-04-20 04:06:12	123	0	1	0
     5546	2024-04-20 11:20:39	123	1	1	0
     5548	2024-04-20 11:21:08	123	1	1	0
     5528	2024-04-20 11:23:23	123	1	1	0
     5528	2024-04-20 11:29:11	123	0	1	0
     5546	2024-04-20 11:46:10	123	0	1	0
     5528	2024-04-20 20:06:25	123	1	1	0
     5548	2024-04-20 20:42:25	123	1	1	0
     5528	2024-04-20 21:05:44	123	0	1	0
     5546	2024-04-20 21:09:47	123	0	1	0
     5548	2024-04-21 06:45:32	123	1	1	0
     5528	2024-04-21 07:00:13	123	0	1	0
     5546	2024-04-21 07:18:07	123	0	1	0
     5546	2024-04-21 15:30:40	123	1	1	0
     5528	2024-04-21 16:11:33	123	1	1	0
     5548	2024-04-21 16:11:42	123	1	1	0
     5546	2024-04-21 16:48:22	123	0	1	0
     5548	2024-04-21 17:28:24	123	0	1	0
     5546	2024-04-22 02:06:43	123	1	1	0
     5528	2024-04-22 02:09:22	123	1	1	0
     5548	2024-04-22 02:42:32	123	1	1	0
     5548	2024-04-22 06:03:36	123	1	1	0
     5546	2024-04-22 07:53:07	123	1	1	0
     5528	2024-04-22 07:53:34	123	1	1	0
     5546	2024-04-22 09:17:16	123	0	1	0
     5528	2024-04-22 09:18:23	123	0	1	0
     5548	2024-04-22 19:01:56	123	1	1	0
     5546	2024-04-22 19:04:55	123	0	1	0
     5528	2024-04-22 19:05:02	123	0	1	0
     5548	2024-04-22 19:43:29	123	0	1	0
     5546	2024-04-23 03:35:12	123	1	1	0
     5528	2024-04-23 04:06:34	123	0	1	0
     5548	2024-04-23 06:16:41	123	0	1	0
     5528	2024-04-23 13:24:14	123	1	1	0
     5548	2024-04-23 13:24:44	123	1	1	0
     5548	2024-04-23 20:51:59	123	0	1	0
     5548	2024-04-23 20:52:20	123	1	1	0
     5546	2024-04-23 21:06:56	123	1	1	0
     5528	2024-04-23 21:07:03	123	1	1	0
     5528	2024-04-23 21:10:07	123	0	1	0
     5546	2024-04-23 21:27:15	123	0	1	0
     5548	2024-04-23 23:19:17	123	0	1	0
     5548	2024-04-24 04:30:54	123	1	1	0
     5528	2024-04-24 04:50:28	123	1	1	0
     5528	2024-04-24 05:46:49	123	0	1	0
     5548	2024-04-24 07:38:35	123	0	1	0
     5528	2024-04-24 14:52:48	123	1	1	0
     5528	2024-04-24 15:03:29	123	0	1	0
     5528	2024-04-24 23:54:50	123	1	1	0
     5528	2024-04-25 00:34:01	123	0	1	0
     5548	2024-04-25 01:29:23	123	0	1	0
     5548	2024-04-25 08:44:55	123	1	1	0
     5528	2024-04-25 17:33:37	123	1	1	0
     5548	2024-04-25 18:14:44	123	1	1	0
     5528	2024-04-25 18:20:06	123	0	1	0
     5548	2024-04-25 20:26:47	123	0	1	0
     5528	2024-04-26 03:25:01	123	0	1	0
     5528	2024-04-26 10:20:39	123	1	1	0
     5548	2024-04-26 10:39:47	123	1	1	0
     5528	2024-04-26 10:43:34	123	0	1	0
     5546	2024-04-26 10:43:40	123	0	1	0
     5548	2024-04-26 11:11:21	123	0	1	0
     5548	2024-04-26 19:01:55	123	1	1	0
     5528	2024-04-26 21:59:28	123	0	1	0
     5548	2024-04-27 05:53:59	123	1	1	0
     5528	2024-04-27 06:16:18	123	1	1	0
     5548	2024-04-27 09:03:35	123	0	1	0
     5528	2024-04-27 09:59:49	123	0	1	0
     5548	2024-04-27 16:51:33	123	1	1	0
     5528	2024-04-27 16:51:52	123	1	1	0
     2657	2024-04-27 17:38:27	123	0	1	0
